Starting Dynare (version 5.0).
Calling Dynare with arguments: none
Starting preprocessing of the model file ...
WARNING: in the 'steady_state_model' block, variable 'c' is not assigned a value
WARNING: in the 'steady_state_model' block, variable 'n' is not assigned a value
WARNING: in the 'steady_state_model' block, variable 'c_starr' is not assigned a value
WARNING: in the 'steady_state_model' block, variable 'n_starr' is not assigned a value
Ramsey Problem: added 27 Multipliers.
Found 27 equation(s).
Found 55 FOC equation(s) for Ramsey Problem.
Evaluating expressions...done
Computing static model derivatives (order 1).
Computing dynamic model derivatives (order 2).
Computing dynamic model derivatives (order 2).
Computing static model derivatives (order 3).
Processing outputs ...
done
Preprocessing completed.


OPTIMAL SIMPLE RULE


OSR: Initial value of the objective function: 1e+08 

  n=8: (5,10)-CMA-ES(w=[46 27 16 9 3]%, mu_eff=3.2) on function osr_obj
Iterat, #Fevals:   Function Value    (median,worst) |Axis Ratio|idx:Min SD idx:Max SD
    1 ,     11 : 7.5304614210329e-01 +(6e+00,1e+08) | 1.09e+00 |  5:3.5e+00  3:3.6e+00
    2 ,     21 : 5.3298791161820e-01 +(2e+00,7e+00) | 1.15e+00 |  6:3.3e+00  2:3.5e+00
   10 ,    101 : 4.0002246376119e-01 +(1e-01,3e+00) | 1.54e+00 |  6:2.1e+00  5:2.5e+00
   20 ,    201 : 3.6716804798626e-01 +(4e-02,2e-01) | 1.74e+00 |  6:7.2e-01  3:9.7e-01
   30 ,    301 : 3.4068927006198e-01 +(9e-03,5e-02) | 2.55e+00 |  6:6.9e-01  7:1.1e+00
   40 ,    401 : 2.9815589517636e-01 +(2e-02,4e-02) | 4.23e+00 |  6:6.1e-01  7:1.3e+00
   50 ,    501 : 2.9749414473681e-01 +(4e-03,2e-02) | 4.78e+00 |  6:3.2e-01  7:7.0e-01
   60 ,    601 : 2.9479201890580e-01 +(2e-03,5e-03) | 5.37e+00 |  6:2.4e-01  7:5.4e-01
   70 ,    701 : 2.9373758715993e-01 +(1e-03,4e-03) | 5.99e+00 |  6:2.0e-01  3:4.5e-01
   80 ,    801 : 2.9312819958027e-01 +(2e-04,9e-04) | 6.27e+00 |  6:1.1e-01  3:2.6e-01
   90 ,    901 : 2.9245588566068e-01 +(3e-04,9e-04) | 7.41e+00 |  6:1.2e-01  3:2.6e-01
Iterat, #Fevals:   Function Value    (median,worst) |Axis Ratio|idx:Min SD idx:Max SD
  100 ,   1001 : 2.9181777362926e-01 +(4e-04,9e-04) | 9.73e+00 |  6:1.4e-01  3:3.2e-01
  110 ,   1101 : 2.9148150056861e-01 +(2e-04,6e-04) | 1.24e+01 |  6:9.7e-02  3:2.7e-01
  120 ,   1201 : 2.9141268723422e-01 +(7e-05,3e-04) | 1.58e+01 |  6:8.2e-02  5:2.4e-01
  130 ,   1301 : 2.9134183521902e-01 +(1e-05,7e-05) | 1.72e+01 |  6:3.7e-02  5:1.2e-01
  140 ,   1401 : 2.9132515877881e-01 +(4e-06,9e-06) | 1.83e+01 |  6:2.2e-02  5:6.6e-02
  150 ,   1501 : 2.9132139095425e-01 +(3e-06,5e-06) | 1.84e+01 |  6:1.6e-02  5:4.4e-02
  160 ,   1601 : 2.9131789489717e-01 +(2e-06,3e-06) | 1.85e+01 |  6:1.4e-02  5:3.6e-02
  170 ,   1701 : 2.9131277490438e-01 +(3e-06,7e-06) | 2.04e+01 |  6:2.1e-02  5:4.7e-02
  180 ,   1801 : 2.9129681436693e-01 +(1e-05,4e-05) | 2.98e+01 |  2:1.1e-01  5:1.9e-01
  190 ,   1901 : 2.9122175098686e-01 +(6e-05,1e-04) | 3.94e+01 |  3:1.2e-01  5:2.2e-01
Iterat, #Fevals:   Function Value    (median,worst) |Axis Ratio|idx:Min SD idx:Max SD
  200 ,   2001 : 2.9111441264717e-01 +(1e-04,4e-04) | 5.35e+01 |  3:1.8e-01  5:4.1e-01
  210 ,   2101 : 2.9075887778313e-01 +(3e-04,4e-04) | 7.38e+01 |  3:1.7e-01  5:4.8e-01
  220 ,   2201 : 2.9057785475365e-01 +(3e-04,1e-03) | 6.95e+01 |  3:1.2e-01  4:3.6e-01
  230 ,   2301 : 2.9043934345895e-01 +(4e-04,5e-03) | 7.48e+01 |  3:1.1e-01  4:3.4e-01
  240 ,   2401 : 2.8976519463620e-01 +(8e-04,2e-03) | 6.70e+01 |  3:1.0e-01  5:3.2e-01
  250 ,   2501 : 2.8969222892098e-01 +(2e-04,1e-03) | 5.81e+01 |  3:6.0e-02  5:1.6e-01
  260 ,   2601 : 2.8957389769943e-01 +(1e-04,4e-04) | 5.82e+01 |  3:4.8e-02  5:1.3e-01
  270 ,   2701 : 2.8946400506787e-01 +(9e-05,4e-04) | 5.49e+01 |  3:3.7e-02  1:8.7e-02
  280 ,   2801 : 2.8931196879436e-01 +(1e-04,5e-04) | 5.06e+01 |  3:3.9e-02  5:1.1e-01
  290 ,   2901 : 2.8921367340703e-01 +(5e-05,2e-04) | 5.29e+01 |  3:2.6e-02  5:7.6e-02
Iterat, #Fevals:   Function Value    (median,worst) |Axis Ratio|idx:Min SD idx:Max SD
  300 ,   3001 : 2.8893623772618e-01 +(1e-04,7e-04) | 5.77e+01 |  6:3.9e-02  5:1.2e-01
  310 ,   3101 : 2.8872760982982e-01 +(2e-04,5e-04) | 5.36e+01 |  6:3.2e-02  5:1.1e-01
  320 ,   3201 : 2.8845764813026e-01 +(1e-04,5e-04) | 7.36e+01 |  2:3.6e-02  5:1.6e-01
  330 ,   3301 : 2.8835190265814e-01 +(2e-04,2e-03) | 6.85e+01 |  2:3.2e-02  5:1.5e-01
  340 ,   3401 : 2.8815660195243e-01 +(8e-05,5e-04) | 6.57e+01 |  2:2.0e-02  5:1.0e-01
  350 ,   3501 : 2.8811412041870e-01 +(3e-05,3e-04) | 6.44e+01 |  2:1.4e-02  5:6.8e-02
  360 ,   3601 : 2.8803069176520e-01 +(6e-06,5e-05) | 6.53e+01 |  2:9.3e-03  3:5.4e-02
  370 ,   3701 : 2.8785477775172e-01 +(8e-05,3e-04) | 7.93e+01 |  4:2.2e-02  3:1.6e-01
  380 ,   3801 : 2.8775710833668e-01 +(1e-04,3e-04) | 8.04e+01 |  4:2.1e-02  3:1.7e-01
  390 ,   3901 : 2.8772160588585e-01 +(1e-04,4e-04) | 7.71e+01 |  4:1.8e-02  3:1.7e-01
Iterat, #Fevals:   Function Value    (median,worst) |Axis Ratio|idx:Min SD idx:Max SD
  400 ,   4001 : 2.8768014358428e-01 +(2e-05,1e-04) | 7.35e+01 |  4:8.5e-03  3:7.4e-02
  410 ,   4101 : 2.8758615280283e-01 +(5e-05,1e-04) | 9.02e+01 |  4:1.4e-02  3:1.4e-01
  420 ,   4201 : 2.8740994668134e-01 +(3e-04,8e-04) | 9.65e+01 |  4:3.2e-02  3:3.5e-01
  430 ,   4301 : 2.8719325962676e-01 +(1e-04,6e-04) | 1.04e+02 |  4:2.5e-02  3:2.4e-01
  440 ,   4401 : 2.8702621581635e-01 +(3e-05,3e-04) | 1.16e+02 |  4:1.9e-02  3:2.1e-01
  450 ,   4501 : 2.8680109369839e-01 +(8e-05,4e-04) | 1.21e+02 |  4:2.5e-02  3:2.8e-01
  460 ,   4601 : 2.8660893253740e-01 +(1e-04,2e-03) | 1.18e+02 |  4:2.5e-02  3:2.9e-01
  470 ,   4701 : 2.8653815201921e-01 +(8e-05,1e-04) | 1.14e+02 |  4:1.6e-02  3:1.7e-01
  480 ,   4801 : 2.8652073424608e-01 +(1e-04,2e-04) | 1.00e+02 |  4:1.8e-02  3:1.5e-01
  490 ,   4901 : 2.8651707525748e-01 +(5e-05,6e-05) | 9.01e+01 |  4:1.7e-02  3:1.2e-01
Iterat, #Fevals:   Function Value    (median,worst) |Axis Ratio|idx:Min SD idx:Max SD
  500 ,   5001 : 2.8650405267771e-01 +(1e-05,2e-05) | 8.96e+01 |  4:7.1e-03  3:4.7e-02
  510 ,   5101 : 2.8649600873390e-01 +(9e-06,4e-05) | 8.27e+01 |  2:1.3e-02  3:7.4e-02
  520 ,   5201 : 2.8649700804439e-01 +(4e-06,1e-05) | 8.03e+01 |  2:8.3e-03  3:4.6e-02
  530 ,   5301 : 2.8649208108127e-01 +(1e-06,7e-06) | 7.20e+01 |  2:3.0e-03  3:1.6e-02
  540 ,   5401 : 2.8649176781633e-01 +(2e-07,2e-06) | 7.16e+01 |  2:1.7e-03  3:9.1e-03
  550 ,   5501 : 2.8649159899929e-01 +(5e-08,4e-07) | 7.30e+01 |  2:4.9e-04  3:2.6e-03
  560 ,   5601 : 2.8649156452486e-01 +(1e-08,3e-08) | 8.47e+01 |  6:4.8e-04  3:2.8e-03
  570 ,   5701 : 2.8649156299672e-01 +(6e-09,9e-08) | 8.63e+01 |  6:2.7e-04  3:1.7e-03
  580 ,   5801 : 2.8649155807264e-01 +(9e-09,6e-08) | 9.50e+01 |  6:2.4e-04  3:1.5e-03
#Fevals:   f(returned x)   |    bestever.f     | stopflag (saved to variablescmaes.mat)
   5802: 2.86491558073e-01 | 2.86491556921e-01 | tolfun
mean solution: +2.2e+00 +2.2e+00 +6.6e+00 -2.2e+00 +6.7e+00 -6.1e-01 -1.0e+01 -2.6e+00
std deviation:  5.5e-04  2.9e-04  1.5e-03  2.7e-04  5.3e-04  2.4e-04  2.8e-04  5.1e-04
use plotcmaesdat.m for plotting the output at any time (option LogModulo must not be zero)

OPTIMAL VALUE OF THE PARAMETERS:

     COEF_y_gapH          2.22017

     COEF_y_gapF          2.19106

       COEF_pieH          6.58665

       COEF_pieF         -2.18174

COEF_y_gapH_starr          6.66281

COEF_y_gapF_starr         -0.61291

 COEF_pieH_starr              -10

 COEF_pieF_starr         -2.57422

Objective function :         0.286492



MODEL SUMMARY

  Number of variables:         55
  Number of stochastic shocks: 4
  Number of state variables:   8
  Number of jumpers:           11
  Number of static variables:  36


MATRIX OF COVARIANCE OF EXOGENOUS SHOCKS
Variables              eps_a        eps_xi   eps_a_starr  eps_xi_starr
eps_a               0.000000      0.000000      0.000000      0.000000
eps_xi              0.000000      0.000000      0.000000      0.000000
eps_a_starr         0.000000      0.000000      1.000000      0.000000
eps_xi_starr        0.000000      0.000000      0.000000      0.000000

POLICY AND TRANSITION FUNCTIONS
                                   a              xi               y           y_nat           y_gap             pie               g           g_nat           g_gap               c               n         a_starr        xi_starr         y_starr     y_nat_starr     y_gap_starr       pie_starr         g_starr     g_nat_starr     g_gap_starr         c_starr         n_starr              ii               s           s_nat          pie_cu            y_cu        y_cu_gap
a(-1)                       0.800000               0        0.632173        0.664008       -0.031835        0.224687        0.700131        0.850902       -0.150771        0.558256       -0.167827               0               0       -0.572044       -0.588338        0.016294        0.341391       -3.347785        0.534853       -3.882638        0.558256       -0.572044       -0.091103        0.056959        0.347654        0.248028        0.391329       -0.257544
xi(-1)                             0        0.800000       -0.316086       -0.332004        0.015917       -0.112344       -0.350066       -0.425451        0.075385       -0.279128       -0.316086               0               0        0.286022        0.294169       -0.008147       -0.170696        1.673893       -0.267426        1.941319       -0.279128        0.286022        0.045551       -0.028480       -0.173827       -0.124014       -0.195665        0.128772
a_starr(-1)                        0               0       -0.081593       -0.147085        0.065492        0.027953        0.109579        0.133713       -0.024134        0.086294       -0.081593        0.800000               0        0.898886        1.105261       -0.206375       -0.106446        0.557328        0.449763        0.107565        0.086294        0.098886       -0.045723       -0.257346       -0.347654        0.001074        0.114503        0.453223
xi_starr(-1)                       0               0        0.040796        0.073542       -0.032746       -0.013977       -0.054789       -0.066857        0.012067       -0.043147        0.040796               0        0.800000       -0.449443       -0.552631        0.103188        0.053223       -0.278664       -0.224881       -0.053783       -0.043147       -0.449443        0.022861        0.128673        0.173827       -0.000537       -0.057251       -0.226611
MULT_1(-1)                         0               0       -0.048415               0       -0.048415        0.000347       -0.258958               0       -0.258958        0.018738       -0.048415               0               0       -0.067738               0       -0.067738        0.002446       -0.290825               0       -0.290825        0.018738       -0.067738       -0.035724        0.003365               0        0.000767       -0.052279       -0.052279
MULT_2(-1)                         0               0        0.006136               0        0.006136        0.003970        0.013555               0        0.013555       -0.000363        0.006136               0               0       -0.010994               0       -0.010994        0.000975        0.005409               0        0.005409       -0.000363       -0.010994        0.006146        0.004472               0        0.003371        0.002710        0.002710
MULT_3(-1)                         0               0       -0.042561               0       -0.042561        0.002915       -0.270320               0       -0.270320        0.023649       -0.042561               0               0       -0.081744               0       -0.081744        0.007297       -0.281401               0       -0.281401        0.023649       -0.081744       -0.033044        0.010789               0        0.003791       -0.050397       -0.050397
MULT_4(-1)                         0               0        0.008552               0        0.008552        0.000975        0.012488               0        0.012488        0.003640        0.008552               0               0       -0.000041               0       -0.000041        0.005881        0.032119               0        0.032119        0.003640       -0.000041       -0.000560        0.004000               0        0.001956        0.006833        0.006833
eps_a                       1.000000               0        0.790216        0.830009       -0.039794        0.280859        0.875164        1.063628       -0.188464        0.697821       -0.209784               0               0       -0.715055       -0.735423        0.020367        0.426739       -4.184732        0.668566       -4.853298        0.697821       -0.715055       -0.113879        0.071199        0.434568        0.310035        0.489162       -0.321930
eps_xi                             0        1.000000       -0.395108       -0.415005        0.019897       -0.140429       -0.437582       -0.531814        0.094232       -0.348910       -0.395108               0               0        0.357528        0.367711       -0.010184       -0.213370        2.092366       -0.334283        2.426649       -0.348910        0.357528        0.056939       -0.035600       -0.217284       -0.155017       -0.244581        0.160965
eps_a_starr                        0               0       -0.101991       -0.183856        0.081865        0.034942        0.136974        0.167142       -0.030168        0.107868       -0.101991        1.000000               0        1.123608        1.381576       -0.257969       -0.133057        0.696660        0.562203        0.134457        0.107868        0.123608       -0.057153       -0.321682       -0.434568        0.001342        0.143129        0.566528
eps_xi_starr                       0               0        0.050996        0.091928       -0.040932       -0.017471       -0.068487       -0.083571        0.015084       -0.053934        0.050996               0        1.000000       -0.561804       -0.690788        0.128984        0.066529       -0.348330       -0.281102       -0.067228       -0.053934       -0.561804        0.028577        0.160841        0.217284       -0.000671       -0.071564       -0.283264
[Warning: Aggregate variance and sum of variances by
shocks differ by more than 0.01 %] 
[> In <a href="matlab:matlab.internal.language.introspective.errorDocCallback('th_autocovariances', 'C:\dynare\5.0\matlab\th_autocovariances.m', 206)" style="font-weight:bold">th_autocovariances</a> (<a href="matlab: opentoline('C:\dynare\5.0\matlab\th_autocovariances.m',206,0)">line 206</a>)
In <a href="matlab:matlab.internal.language.introspective.errorDocCallback('disp_th_moments', 'C:\dynare\5.0\matlab\disp_th_moments.m', 40)" style="font-weight:bold">disp_th_moments</a> (<a href="matlab: opentoline('C:\dynare\5.0\matlab\disp_th_moments.m',40,0)">line 40</a>)
In <a href="matlab:matlab.internal.language.introspective.errorDocCallback('stoch_simul', 'C:\dynare\5.0\matlab\stoch_simul.m', 210)" style="font-weight:bold">stoch_simul</a> (<a href="matlab: opentoline('C:\dynare\5.0\matlab\stoch_simul.m',210,0)">line 210</a>)
In <a href="matlab:matlab.internal.language.introspective.errorDocCallback('osr', 'C:\dynare\5.0\matlab\osr.m', 65)" style="font-weight:bold">osr</a> (<a href="matlab: opentoline('C:\dynare\5.0\matlab\osr.m',65,0)">line 65</a>)
In <a href="matlab:matlab.internal.language.introspective.errorDocCallback('Main.driver', 'C:\Users\33689\Documents\GitHub\Master-Thesis\+Main\driver.m', 658)" style="font-weight:bold">Main.driver</a> (<a href="matlab: opentoline('C:\Users\33689\Documents\GitHub\Master-Thesis\+Main\driver.m',658,0)">line 658</a>)
In <a href="matlab:matlab.internal.language.introspective.errorDocCallback('dynare', 'C:\dynare\5.0\matlab\dynare.m', 281)" style="font-weight:bold">dynare</a> (<a href="matlab: opentoline('C:\dynare\5.0\matlab\dynare.m',281,0)">line 281</a>)] 


THEORETICAL MOMENTS
VARIABLE            MEAN  STD. DEV.   VARIANCE
a                 0.0000     0.0000     0.0000
xi                0.0000     0.0000     0.0000
y                 0.0000     0.2086     0.0435
y_nat             0.0000     0.3064     0.0939
y_gap             0.0000     0.1218     0.0148
pie               0.0000     0.0617     0.0038
g                 0.0000     0.2476     0.0613
g_nat             0.0000     0.2786     0.0776
g_gap             0.0000     0.0650     0.0042
c                 0.0000     0.1671     0.0279
n                 0.0000     0.2086     0.0435
a_starr           0.0000     1.6667     2.7778
xi_starr          0.0000     0.0000     0.0000
y_starr           0.0000     1.9258     3.7088
y_nat_starr       0.0000     2.3026     5.3021
y_gap_starr       0.0000     0.4115     0.1693
pie_starr         0.0000     0.2482     0.0616
g_starr           0.0000     1.1116     1.2357
g_nat_starr       0.0000     0.9370     0.8780
g_gap_starr       0.0000     0.2502     0.0626
c_starr           0.0000     0.1671     0.0279
n_starr           0.0000     0.2949     0.0870
ii                0.0000     0.1249     0.0156
s                 0.0000     0.5684     0.3231
s_nat             0.0000     0.7243     0.5246
pie_cu            0.0000     0.0352     0.0012
y_cu              0.0000     0.2263     0.0512
y_cu_gap          0.0000     0.9302     0.8653



VARIANCE DECOMPOSITION (in percent)
                      eps_a        eps_xi   eps_a_starr  eps_xi_starr
a                    100.00          0.00          0.00          0.00
xi                     0.00        100.00          0.00          0.00
y                      0.00          0.00        100.00          0.00
y_nat                  0.00          0.00        100.00          0.00
y_gap                  0.00          0.00        100.00          0.00
pie                    0.00          0.00        100.00          0.00
g                      0.00          0.00        100.00          0.00
g_nat                  0.00          0.00        100.00          0.00
g_gap                  0.00          0.00        100.00          0.00
c                      0.00          0.00        100.00          0.00
n                      0.00          0.00        100.00          0.00
a_starr                0.00          0.00        100.00          0.00
xi_starr               0.00          0.00          0.05         99.95
y_starr                0.00          0.00        100.00          0.00
y_nat_starr            0.00          0.00        100.00          0.00
y_gap_starr            0.00          0.00        100.00          0.00
pie_starr              0.00          0.00        100.00          0.00
g_starr                0.00          0.00        100.00          0.00
g_nat_starr            0.00          0.00        100.00          0.00
g_gap_starr            0.00          0.00        100.00          0.00
c_starr                0.00          0.00        100.00          0.00
n_starr                0.00          0.00        100.00          0.00
ii                     0.00          0.00        100.00          0.00
s                      0.00          0.00        100.00          0.00
s_nat                  0.00          0.00        100.00          0.00
pie_cu                 0.00          0.00        100.00          0.00
y_cu                   0.00          0.00        100.00          0.00
y_cu_gap               0.00          0.00        100.00          0.00



MATRIX OF CORRELATIONS
Variables                y        y_nat        y_gap          pie            g        g_nat        g_gap            c            n      a_starr      y_starr  y_nat_starr  y_gap_starr    pie_starr      g_starr  g_nat_starr  g_gap_starr      c_starr      n_starr           ii            s        s_nat       pie_cu         y_cu     y_cu_gap
y                   1.0000       0.9589      -0.7002      -0.6217      -0.9724      -0.9589       0.4061      -0.8662       1.0000      -0.9589      -0.9724      -0.9589       0.8150       0.9849      -0.9168      -0.9589      -0.4822      -0.8662      -0.9307       0.8762       0.9834       0.9589       0.5165      -0.9177      -0.9507
y_nat               0.9589       1.0000      -0.8740      -0.7701      -0.9763      -1.0000       0.5671      -0.9648       0.9589      -1.0000      -0.9969      -1.0000       0.9301       0.9801      -0.9846      -1.0000      -0.6292      -0.9648      -0.8587       0.8456       0.9939       1.0000       0.3014      -0.9898      -0.9994
y_gap              -0.7002      -0.8740       1.0000       0.8731       0.7914       0.8740      -0.7314       0.9441      -0.7002       0.8740       0.8432       0.8740      -0.9445      -0.7793       0.9072       0.8740       0.7573       0.9441       0.5668      -0.6271      -0.8166      -0.8740       0.1261       0.9188       0.8865
pie                -0.6217      -0.7701       0.8731       1.0000       0.7769       0.7701      -0.3414       0.7502      -0.6217       0.7701       0.7182       0.7701      -0.9484      -0.7472       0.7265       0.7701       0.3437       0.7502       0.3374      -0.3217      -0.7083      -0.7701       0.3493       0.7639       0.7701
g                  -0.9724      -0.9763       0.7914       0.7769       1.0000       0.9763      -0.3755       0.8885      -0.9724       0.9763       0.9725       0.9763      -0.9119      -0.9966       0.9259       0.9763       0.4572       0.8885       0.8331      -0.7780      -0.9801      -0.9763      -0.3153       0.9383       0.9689
g_nat              -0.9589      -1.0000       0.8740       0.7701       0.9763       1.0000      -0.5671       0.9648      -0.9589       1.0000       0.9969       1.0000      -0.9301      -0.9801       0.9846       1.0000       0.6292       0.9648       0.8587      -0.8456      -0.9939      -1.0000      -0.3014       0.9898       0.9994
g_gap               0.4061       0.5671      -0.7314      -0.3414      -0.3755      -0.5671       1.0000      -0.7504       0.4061      -0.5671      -0.5684      -0.5671       0.5131       0.4042      -0.6930      -0.5671      -0.9550      -0.7504      -0.5070       0.6605       0.5264       0.5671       0.0910      -0.6680      -0.5927
c                  -0.8662      -0.9648       0.9441       0.7502       0.8885       0.9648      -0.7504       1.0000      -0.8662       0.9648       0.9582       0.9648      -0.9141      -0.8933       0.9933       0.9648       0.7997       1.0000       0.8050      -0.8453      -0.9408      -0.9648      -0.2070       0.9922       0.9733
n                   1.0000       0.9589      -0.7002      -0.6217      -0.9724      -0.9589       0.4061      -0.8662       1.0000      -0.9589      -0.9724      -0.9589       0.8150       0.9849      -0.9168      -0.9589      -0.4822      -0.8662      -0.9307       0.8762       0.9834       0.9589       0.5165      -0.9177      -0.9507
a_starr            -0.9589      -1.0000       0.8740       0.7701       0.9763       1.0000      -0.5671       0.9648      -0.9589       1.0000       0.9969       1.0000      -0.9301      -0.9801       0.9846       1.0000       0.6292       0.9648       0.8587      -0.8456      -0.9939      -1.0000      -0.3014       0.9898       0.9994
y_starr            -0.9724      -0.9969       0.8432       0.7182       0.9725       0.9969      -0.5684       0.9582      -0.9724       0.9969       1.0000       0.9969      -0.8984      -0.9800       0.9837       0.9969       0.6369       0.9582       0.8963      -0.8818      -0.9984      -0.9969      -0.3742       0.9851       0.9959
y_nat_starr        -0.9589      -1.0000       0.8740       0.7701       0.9763       1.0000      -0.5671       0.9648      -0.9589       1.0000       0.9969       1.0000      -0.9301      -0.9801       0.9846       1.0000       0.6292       0.9648       0.8587      -0.8456      -0.9939      -1.0000      -0.3014       0.9898       0.9994
y_gap_starr         0.8150       0.9301      -0.9445      -0.9484      -0.9119      -0.9301       0.5131      -0.9141       0.8150      -0.9301      -0.8984      -0.9301       1.0000       0.8978      -0.9056      -0.9301      -0.5399      -0.9141      -0.6105       0.6049       0.8888       0.9301      -0.0647      -0.9282      -0.9314
pie_starr           0.9849       0.9801      -0.7793      -0.7472      -0.9966      -0.9801       0.4042      -0.8933       0.9849      -0.9801      -0.9800      -0.9801       0.8978       1.0000      -0.9323      -0.9801      -0.4716      -0.8933      -0.8608       0.8081       0.9879       0.9801       0.3617      -0.9418      -0.9726
g_starr            -0.9168      -0.9846       0.9072       0.7265       0.9259       0.9846      -0.6930       0.9933      -0.9168       0.9846       0.9837       0.9846      -0.9056      -0.9323       1.0000       0.9846       0.7555       0.9933       0.8597      -0.8808      -0.9722      -0.9846      -0.2952       0.9983       0.9898
g_nat_starr        -0.9589      -1.0000       0.8740       0.7701       0.9763       1.0000      -0.5671       0.9648      -0.9589       1.0000       0.9969       1.0000      -0.9301      -0.9801       0.9846       1.0000       0.6292       0.9648       0.8587      -0.8456      -0.9939      -1.0000      -0.3014       0.9898       0.9994
g_gap_starr        -0.4822      -0.6292       0.7573       0.3437       0.4572       0.6292      -0.9550       0.7997      -0.4822       0.6292       0.6369       0.6292      -0.5399      -0.4716       0.7555       0.6292       1.0000       0.7997       0.6035      -0.7464      -0.5971      -0.6292      -0.1828       0.7285       0.6545
c_starr            -0.8662      -0.9648       0.9441       0.7502       0.8885       0.9648      -0.7504       1.0000      -0.8662       0.9648       0.9582       0.9648      -0.9141      -0.8933       0.9933       0.9648       0.7997       1.0000       0.8050      -0.8453      -0.9408      -0.9648      -0.2070       0.9922       0.9733
n_starr            -0.9307      -0.8587       0.5668       0.3374       0.8331       0.8587      -0.5070       0.8050      -0.9307       0.8587       0.8963       0.8587      -0.6105      -0.8608       0.8597       0.8587       0.6035       0.8050       1.0000      -0.9794      -0.9033      -0.8587      -0.7404       0.8393       0.8556
ii                  0.8762       0.8456      -0.6271      -0.3217      -0.7780      -0.8456       0.6605      -0.8453       0.8762      -0.8456      -0.8818      -0.8456       0.6049       0.8081      -0.8808      -0.8456      -0.7464      -0.8453      -0.9794       1.0000       0.8779       0.8456       0.6880      -0.8547      -0.8494
s                   0.9834       0.9939      -0.8166      -0.7083      -0.9801      -0.9939       0.5264      -0.9408       0.9834      -0.9939      -0.9984      -0.9939       0.8888       0.9879      -0.9722      -0.9939      -0.5971      -0.9408      -0.9033       0.8779       1.0000       0.9939       0.3992      -0.9743      -0.9910
s_nat               0.9589       1.0000      -0.8740      -0.7701      -0.9763      -1.0000       0.5671      -0.9648       0.9589      -1.0000      -0.9969      -1.0000       0.9301       0.9801      -0.9846      -1.0000      -0.6292      -0.9648      -0.8587       0.8456       0.9939       1.0000       0.3014      -0.9898      -0.9994
pie_cu              0.5165       0.3014       0.1261       0.3493      -0.3153      -0.3014       0.0910      -0.2070       0.5165      -0.3014      -0.3742      -0.3014      -0.0647       0.3617      -0.2952      -0.3014      -0.1828      -0.2070      -0.7404       0.6880       0.3992       0.3014       1.0000      -0.2561      -0.2910
y_cu               -0.9177      -0.9898       0.9188       0.7639       0.9383       0.9898      -0.6680       0.9922      -0.9177       0.9898       0.9851       0.9898      -0.9282      -0.9418       0.9983       0.9898       0.7285       0.9922       0.8393      -0.8547      -0.9743      -0.9898      -0.2561       1.0000       0.9941
y_cu_gap           -0.9507      -0.9994       0.8865       0.7701       0.9689       0.9994      -0.5927       0.9733      -0.9507       0.9994       0.9959       0.9994      -0.9314      -0.9726       0.9898       0.9994       0.6545       0.9733       0.8556      -0.8494      -0.9910      -0.9994      -0.2910       0.9941       1.0000



COEFFICIENTS OF AUTOCORRELATION
Order               1       2       3       4       5
y              0.8662  0.7356  0.6033  0.4698  0.3396
y_nat          0.8000  0.6400  0.5120  0.4096  0.3277
y_gap          0.7151  0.4719  0.2776  0.1365  0.0490
pie            0.7771  0.5837  0.4202  0.2880  0.1878
g              0.8294  0.6949  0.5832  0.4846  0.3933
g_nat          0.8000  0.6400  0.5120  0.4096  0.3277
g_gap          0.8278  0.5740  0.2794 -0.0114 -0.2577
c              0.7578  0.5500  0.3791  0.2471  0.1542
n              0.8662  0.7356  0.6033  0.4698  0.3396
a_starr        0.8000  0.6400  0.5120  0.4096  0.3277
y_starr        0.8115  0.6532  0.5189  0.4049  0.3090
y_nat_starr    0.8000  0.6400  0.5120  0.4096  0.3277
y_gap_starr    0.7634  0.5838  0.4531  0.3630  0.3042
pie_starr      0.8416  0.7118  0.5995  0.4974  0.4019
g_starr        0.7767  0.5865  0.4284  0.3022  0.2073
g_nat_starr    0.8000  0.6400  0.5120  0.4096  0.3277
g_gap_starr    0.7895  0.5143  0.2118 -0.0778 -0.3177
c_starr        0.7578  0.5500  0.3791  0.2471  0.1542
n_starr        0.8841  0.7160  0.5100  0.2880  0.0746
ii             0.8626  0.6701  0.4424  0.2057 -0.0125
s              0.8234  0.6736  0.5438  0.4299  0.3302
s_nat          0.8000  0.6400  0.5120  0.4096  0.3277
pie_cu         0.9135  0.6898  0.3735  0.0193 -0.3170
y_cu           0.7730  0.5864  0.4369  0.3215  0.2370
y_cu_gap       0.7931  0.6268  0.4942  0.3895  0.3078

ans = 

  <a href="matlab:helpPopup struct" style="font-weight:bold">struct</a> with fields:

          COEF_y_gapH: 2.2202
          COEF_y_gapF: 2.1911
            COEF_pieH: 6.5867
            COEF_pieF: -2.1817
    COEF_y_gapH_starr: 6.6628
    COEF_y_gapF_starr: -0.6129
      COEF_pieH_starr: -10
      COEF_pieF_starr: -2.5742


Approximated value of unconditional welfare:  0.00000000

Approximated value of conditional welfare:
    - with initial Lagrange multipliers set to 0: 0.00000000
    - with initial Lagrange multipliers set to steady state: 0.00000000


alternative_c =

  Columns 1 through 5

    1.1139    1.0881    1.0657    1.0466    1.0311

  Columns 6 through 10

    1.0194    1.0112    1.0065    1.0047    1.0052

  Columns 11 through 15

    1.0071    1.0097    1.0122    1.0138    1.0143

  Columns 16 through 20

    1.0134    1.0112    1.0080    1.0043    1.0005

  Columns 21 through 25

    0.9972    0.9948    0.9935    0.9934    0.9944

  Columns 26 through 30

    0.9962    0.9985    1.0010    1.0032    1.0048


alternative_n =

  Columns 1 through 5

    0.9030    0.9143    0.9226    0.9297    0.9369

  Columns 6 through 10

    0.9450    0.9544    0.9647    0.9755    0.9858

  Columns 11 through 15

    0.9949    1.0020    1.0065    1.0083    1.0076

  Columns 16 through 20

    1.0048    1.0008    0.9963    0.9922    0.9891

  Columns 21 through 25

    0.9874    0.9874    0.9890    0.9919    0.9956

  Columns 26 through 30

    0.9995    1.0031    1.0058    1.0074    1.0077


alternative_g =

  Columns 1 through 5

    1.1468    1.1148    1.0931    1.0787    1.0687

  Columns 6 through 10

    1.0612    1.0544    1.0474    1.0395    1.0307

  Columns 11 through 15

    1.0216    1.0125    1.0043    0.9976    0.9928

  Columns 16 through 20

    0.9902    0.9897    0.9911    0.9940    0.9976

  Columns 21 through 25

    1.0013    1.0044    1.0066    1.0075    1.0070

  Columns 26 through 30

    1.0053    1.0027    0.9997    0.9967    0.9941


alternative_xi =

  Columns 1 through 5

    1.0000    1.0000    1.0000    1.0000    1.0000

  Columns 6 through 10

    1.0000    1.0000    1.0000    1.0000    1.0000

  Columns 11 through 15

    1.0000    1.0000    1.0000    1.0000    1.0000

  Columns 16 through 20

    1.0000    1.0000    1.0000    1.0000    1.0000

  Columns 21 through 25

    1.0000    1.0000    1.0000    1.0000    1.0000

  Columns 26 through 30

    1.0000    1.0000    1.0000    1.0000    1.0000


alternative_c_starr =

  Columns 1 through 5

    1.1139    1.0881    1.0657    1.0466    1.0311

  Columns 6 through 10

    1.0194    1.0112    1.0065    1.0047    1.0052

  Columns 11 through 15

    1.0071    1.0097    1.0122    1.0138    1.0143

  Columns 16 through 20

    1.0134    1.0112    1.0080    1.0043    1.0005

  Columns 21 through 25

    0.9972    0.9948    0.9935    0.9934    0.9944

  Columns 26 through 30

    0.9962    0.9985    1.0010    1.0032    1.0048


alternative_n_starr =

  Columns 1 through 5

    1.1316    1.1310    1.1263    1.1152    1.0975

  Columns 6 through 10

    1.0744    1.0484    1.0224    0.9994    0.9813

  Columns 11 through 15

    0.9698    0.9654    0.9676    0.9756    0.9874

  Columns 16 through 20

    1.0011    1.0144    1.0252    1.0319    1.0336

  Columns 21 through 25

    1.0303    1.0230    1.0129    1.0018    0.9914

  Columns 26 through 30

    0.9831    0.9779    0.9763    0.9782    0.9832


alternative_g_starr =

  Columns 1 through 5

    2.0070    1.7476    1.5479    1.3927    1.2730

  Columns 6 through 10

    1.1828    1.1176    1.0737    1.0476    1.0358

  Columns 11 through 15

    1.0347    1.0405    1.0495    1.0581    1.0634

  Columns 16 through 20

    1.0637    1.0581    1.0472    1.0324    1.0158

  Columns 21 through 25

    0.9997    0.9859    0.9761    0.9710    0.9709

  Columns 26 through 30

    0.9753    0.9831    0.9930    1.0034    1.0126


alternative_xi_starr =

  Columns 1 through 9

     1     1     1     1     1     1     1     1     1

  Columns 10 through 18

     1     1     1     1     1     1     1     1     1

  Columns 19 through 27

     1     1     1     1     1     1     1     1     1

  Columns 28 through 30

     1     1     1


alternative_u =

  Columns 1 through 5

   -4.1995   -4.2207   -4.2140   -4.1693   -4.0872

  Columns 6 through 10

   -3.9775   -3.8552   -3.7361   -3.6337   -3.5573

  Columns 11 through 15

   -3.5116   -3.4976   -3.5132   -3.5532   -3.6104

  Columns 16 through 20

   -3.6756   -3.7387   -3.7897   -3.8207   -3.8276

  Columns 21 through 25

   -3.8106   -3.7741   -3.7256   -3.6733   -3.6255

  Columns 26 through 30

   -3.5884   -3.5662   -3.5605   -3.5708   -3.5947

Total computing time : 0h00m31s
Note: 4 warning(s) encountered in the preprocessor
Note: warning(s) encountered in MATLAB/Octave code
