Starting Dynare (version 5.0).
Calling Dynare with arguments: none
Starting preprocessing of the model file ...
Ramsey Problem: added 35 Multipliers.
Found 35 equation(s).
Found 73 FOC equation(s) for Ramsey Problem.
Evaluating expressions...done
Computing static model derivatives (order 1).
Computing dynamic model derivatives (order 2).
Computing dynamic model derivatives (order 2).
Computing static model derivatives (order 3).
Processing outputs ...
done
Preprocessing completed.


STEADY-STATE RESULTS:

y_gap       		 0
g_gap       		 0
c_gap       		 0
y_gap_starr 		 0
g_gap_starr 		 0
c_gap_starr 		 0
s_gap       		 0
y_gap_cu    		 0
a           		 0
xi          		 0
a_starr     		 0
xi_starr    		 0
y_nat       		 0
g_nat       		 0
c_nat       		 0
y_nat_starr 		 0
g_nat_starr 		 0
c_nat_starr 		 0
s_nat       		 0
y           		 0
pie         		 0
g           		 0
n           		 0
c           		 0
c_F         		 0
c_H         		 0
y_starr     		 0
pie_starr   		 0
g_starr     		 0
n_starr     		 0
c_starr     		 0
c_F_starr   		 0
c_H_starr   		 0
pie_cu      		 0
y_cu        		 0
g_cu        		 0
ii          		 0
s           		 0

MODEL SUMMARY

  Number of variables:         73
  Number of stochastic shocks: 4
  Number of state variables:   8
  Number of jumpers:           11
  Number of static variables:  54


MATRIX OF COVARIANCE OF EXOGENOUS SHOCKS
Variables              eps_a        eps_xi   eps_a_starr  eps_xi_starr
eps_a               0.000000      0.000000      0.000000      0.000000
eps_xi              0.000000      0.000000      0.000000      0.000000
eps_a_starr         0.000000      0.000000      1.000000      0.000000
eps_xi_starr        0.000000      0.000000      0.000000      0.000000

POLICY AND TRANSITION FUNCTIONS
                               y_gap           g_gap           c_gap     y_gap_starr     g_gap_starr     c_gap_starr           s_gap        y_gap_cu               a              xi         a_starr        xi_starr           y_nat           g_nat           c_nat     y_nat_starr     g_nat_starr     c_nat_starr           s_nat               y             pie               g               n               c             c_F             c_H         y_starr       pie_starr         g_starr         n_starr         c_starr       c_F_starr       c_H_starr          pie_cu            y_cu            g_cu              ii               s
a(-1)                      -0.001112       -0.034806        0.000175        0.000448       -0.028757        0.000371       -0.000392       -0.000800        0.001000               0               0               0        0.001112        0.000888        0.000844       -0.000448        0.000448        0.000624        0.000440               0       -0.000010       -0.033918       -0.001000        0.001019        0.000976        0.001024               0        0.000010       -0.028309               0        0.000995        0.000976        0.001024       -0.000006               0       -0.032796       -0.000969        0.000048
xi(-1)                      0.500281       25.223869       -0.194259       -0.201501      -11.316419       -0.138172       -0.112173        0.359924               0        0.900000               0               0       -0.500407       -0.399593       -0.379797        0.201628       -0.201628       -0.280814       -0.197965       -0.000126        0.010427       24.824276       -0.000126       -0.574055       -0.294931       -0.605069        0.000126       -0.010427      -11.518047        0.000126       -0.418986       -0.294931       -0.605069        0.006256       -0.000076       17.555812        0.043283       -0.310138
a_starr(-1)                 0.000112       -0.030861        0.000825       -0.001448       -0.036910        0.000629        0.000392       -0.000200               0               0        0.001000               0       -0.000112        0.000112        0.000156        0.001448        0.000552        0.000376       -0.000440               0        0.000010       -0.030749               0        0.000981        0.001024        0.000976               0       -0.000010       -0.036358       -0.001000        0.001005        0.001024        0.000976        0.000006               0       -0.031871       -0.000969       -0.000048
xi_starr(-1)               -0.050281        4.326131       -0.255741        0.651501       40.866419       -0.311828        0.112173        0.090076               0               0               0        0.900000        0.050407       -0.050407       -0.070203       -0.651628       -0.248372       -0.169186        0.197965        0.000126       -0.010427        4.275724        0.000126       -0.325945       -0.605069       -0.294931       -0.000126        0.010427       40.618047       -0.000126       -0.481014       -0.605069       -0.294931       -0.006256        0.000076       11.544188        0.044017        0.310138
MULT_8(-1)                 -0.248201  -108469.615924     3348.292009       -0.241698  -107309.973726     3343.346007        9.892005       -0.246900               0               0               0               0               0               0               0               0               0               0               0       -0.248201       20.998672  -108469.615924       -0.248201     3348.292009     3339.389204     3349.281210       -0.241698       19.956754  -107309.973726       -0.241698     3343.346007     3339.389204     3349.281210       20.790288       -0.246900  -108237.687485    -4884.125564        9.892005
MULT_9(-1)                  0.002396     -700.091495       21.037356       -0.002396     -584.462838       20.543413        0.987885        0.001437               0               0               0               0               0               0               0               0               0               0               0        0.002396        0.302184     -700.091495        0.002396       21.037356       20.148259       21.136144       -0.002396        0.197816     -584.462838       -0.002396       20.543413       20.148259       21.136144        0.281311        0.001437     -676.965763      -20.025408        0.987885
MULT_10(-1)                -0.242269  -107843.423955     3340.736635       -0.247630  -108898.059326     3345.234850       -8.996431       -0.243341               0               0               0               0               0               0               0               0               0               0               0       -0.242269       20.003903  -107843.423955       -0.242269     3340.736635     3348.833423     3339.836991       -0.247630       20.951523  -108898.059326       -0.247630     3345.234850     3348.833423     3339.836991       20.193427       -0.243341  -108054.351029    -4884.078415       -8.996431
MULT_11(-1)                -0.002396     -634.770890       20.247048        0.002396     -750.399547       20.740990       -0.987885       -0.001437               0               0               0               0               0               0               0               0               0               0               0       -0.002396        0.197816     -634.770890       -0.002396       20.247048       21.136144       20.148259        0.002396        0.302184     -750.399547        0.002396       20.740990       21.136144       20.148259        0.218689       -0.001437     -657.896622      -20.020463       -0.987885
eps_a                      -1.111899      -34.805623        0.175176        0.447945      -28.756722        0.371177       -0.392002       -0.799930        1.000000               0               0               0        1.112015        0.887985        0.843992       -0.448062        0.448062        0.624031        0.439923        0.000116       -0.009590      -33.917638       -0.999884        1.019168        0.976040        1.023960       -0.000116        0.009590      -28.308660       -0.000116        0.995208        0.976040        1.023960       -0.005754        0.000070      -32.795842       -0.969149        0.047921
eps_xi                      0.555867       28.026521       -0.215843       -0.223890      -12.573799       -0.153525       -0.124636        0.399916               0        1.000000               0               0       -0.556008       -0.443992       -0.421996        0.224031       -0.224031       -0.312015       -0.219962       -0.000140        0.011586       27.582529       -0.000140       -0.637839       -0.327701       -0.672299        0.000140       -0.011586      -12.797830        0.000140       -0.465540       -0.327701       -0.672299        0.006951       -0.000084       19.506457        0.048092       -0.344598
eps_a_starr                 0.111899      -30.861044        0.824824       -1.447945      -36.909945        0.628823        0.392002       -0.200070               0               0        1.000000               0       -0.112015        0.112015        0.156008        1.448062        0.551938        0.375969       -0.439923       -0.000116        0.009590      -30.749029       -0.000116        0.980832        1.023960        0.976040        0.000116       -0.009590      -36.358006       -0.999884        1.004792        1.023960        0.976040        0.005754       -0.000070      -31.870824       -0.968911       -0.047921
eps_xi_starr               -0.055867        4.806812       -0.284157        0.723890       45.407133       -0.346475        0.124636        0.100084               0               0               0        1.000000        0.056008       -0.056008       -0.078004       -0.724031       -0.275969       -0.187985        0.219962        0.000140       -0.011586        4.750804        0.000140       -0.362161       -0.672299       -0.327701       -0.000140        0.011586       45.131163       -0.000140       -0.534460       -0.672299       -0.327701       -0.006951        0.000084       12.826876        0.048908        0.344598


THEORETICAL MOMENTS
VARIABLE            MEAN  STD. DEV.   VARIANCE
y_gap             0.0000     0.1119     0.0125
g_gap             0.0000    31.0221   962.3692
c_gap             0.0000     0.8257     0.6818
y_gap_starr       0.0000     1.4479     2.0965
g_gap_starr       0.0000    37.7803  1427.3538
c_gap_starr       0.0000     0.6289     0.3955
s_gap             0.0000     0.4035     0.1628
y_gap_cu          0.0000     0.2001     0.0400
a                 0.0000     0.0000     0.0000
xi                0.0000     0.0000     0.0000
a_starr           0.0000     1.0000     1.0000
xi_starr          0.0000     0.0000     0.0000
y_nat             0.0000     0.1120     0.0125
g_nat             0.0000     0.1120     0.0125
c_nat             0.0000     0.1560     0.0243
y_nat_starr       0.0000     1.4481     2.0969
g_nat_starr       0.0000     0.5519     0.3046
c_nat_starr       0.0000     0.3760     0.1414
s_nat             0.0000     0.4399     0.1935
y                 0.0000     0.0002     0.0000
pie               0.0000     0.0108     0.0001
g                 0.0000    30.9106   955.4683
n                 0.0000     0.0002     0.0000
c                 0.0000     0.9816     0.9635
c_F               0.0000     1.0251     1.0508
c_H               0.0000     0.9772     0.9549
y_starr           0.0000     0.0002     0.0000
pie_starr         0.0000     0.0108     0.0001
g_starr           0.0000    37.2412  1386.9104
n_starr           0.0000     0.9999     0.9998
c_starr           0.0000     1.0048     1.0097
c_F_starr         0.0000     1.0251     1.0508
c_H_starr         0.0000     0.9772     0.9549
pie_cu            0.0000     0.0065     0.0000
y_cu              0.0000     0.0001     0.0000
g_cu              0.0000    31.8839  1016.5836
ii                0.0000     0.9689     0.9388
s                 0.0000     0.1071     0.0115



VARIANCE DECOMPOSITION (in percent)
                      eps_a        eps_xi   eps_a_starr  eps_xi_starr
y_gap                  0.00          0.00        100.00          0.00
g_gap                  0.00          0.00        100.00          0.00
c_gap                  0.00          0.00        100.00          0.00
y_gap_starr            0.00          0.00        100.00          0.00
g_gap_starr            0.00          0.00        100.00          0.00
c_gap_starr            0.00          0.00        100.00          0.00
s_gap                  0.00          0.00        100.00          0.00
y_gap_cu               0.00          0.00        100.00          0.00
a                    100.00          0.00          0.00          0.00
xi                     0.00        100.00          0.00          0.00
a_starr                0.00          0.00        100.00          0.00
xi_starr               0.00          0.00          0.00        100.00
y_nat                  0.00          0.00        100.00          0.00
g_nat                  0.00          0.00        100.00          0.00
c_nat                  0.00          0.00        100.00          0.00
y_nat_starr            0.00          0.00        100.00          0.00
g_nat_starr            0.00          0.00        100.00          0.00
c_nat_starr            0.00          0.00        100.00          0.00
s_nat                  0.00          0.00        100.00          0.00
y                      0.00          0.00        100.00          0.00
pie                    0.00          0.00        100.00          0.00
g                      0.00          0.00        100.00          0.00
n                      0.00          0.00        100.00          0.00
c                      0.00          0.00        100.00          0.00
c_F                    0.00          0.00        100.00          0.00
c_H                    0.00          0.00        100.00          0.00
y_starr                0.00          0.00        100.00          0.00
pie_starr              0.00          0.00        100.00          0.00
g_starr                0.00          0.00        100.00          0.00
n_starr                0.00          0.00        100.00          0.00
c_starr                0.00          0.00        100.00          0.00
c_F_starr              0.00          0.00        100.00          0.00
c_H_starr              0.00          0.00        100.00          0.00
pie_cu                 0.00          0.00        100.00          0.00
y_cu                   0.00          0.00        100.00          0.00
g_cu                   0.00          0.00        100.00          0.00
ii                     0.00          0.00        100.00          0.00
s                      0.00          0.00        100.00          0.00



MATRIX OF CORRELATIONS
Variables            y_gap        g_gap        c_gap  y_gap_starr  g_gap_starr  c_gap_starr        s_gap     y_gap_cu      a_starr        y_nat        g_nat        c_nat  y_nat_starr  g_nat_starr  c_nat_starr        s_nat            y          pie            g            n            c          c_F          c_H      y_starr    pie_starr      g_starr      n_starr      c_starr    c_F_starr    c_H_starr       pie_cu         y_cu         g_cu           ii            s
y_gap               1.0000      -0.9948       0.9990      -1.0000      -0.9769       0.9999       0.9716      -1.0000       1.0000      -1.0000       1.0000       1.0000       1.0000       1.0000       1.0000      -1.0000      -0.5935       0.8852      -0.9948      -0.5935       0.9993       0.9989       0.9988       0.5935      -0.8852      -0.9762      -1.0000       0.9999       0.9989       0.9988       0.8852      -0.5935      -0.9996      -1.0000      -0.4472
g_gap              -0.9948       1.0000      -0.9984       0.9948       0.9502      -0.9931      -0.9906       0.9947      -0.9948       0.9948      -0.9948      -0.9948      -0.9948      -0.9948      -0.9948       0.9948       0.5489      -0.9278       1.0000       0.5489      -0.9980      -0.9889      -0.9986      -0.5489       0.9278       0.9492       0.9948      -0.9937      -0.9889      -0.9986      -0.9278       0.5489       0.9973       0.9948       0.3542
c_gap               0.9990      -0.9984       1.0000      -0.9989      -0.9661       0.9981       0.9814      -0.9989       0.9989      -0.9989       0.9989       0.9989       0.9989       0.9989       0.9989      -0.9989      -0.5746       0.9055      -0.9984      -0.5746       1.0000       0.9957       1.0000       0.5746      -0.9055      -0.9653      -0.9989       0.9984       0.9957       1.0000       0.9055      -0.5746      -0.9999      -0.9989      -0.4059
y_gap_starr        -1.0000       0.9948      -0.9989       1.0000       0.9770      -0.9999      -0.9715       1.0000      -1.0000       1.0000      -1.0000      -1.0000      -1.0000      -1.0000      -1.0000       1.0000       0.5945      -0.8848       0.9947       0.5945      -0.9992      -0.9989      -0.9988      -0.5945       0.8848       0.9764       1.0000      -1.0000      -0.9989      -0.9988      -0.8848       0.5945       0.9996       1.0000       0.4478
g_gap_starr        -0.9769       0.9502      -0.9661       0.9770       1.0000      -0.9802      -0.8986       0.9771      -0.9771       0.9771      -0.9771      -0.9771      -0.9771      -0.9771      -0.9771       0.9771       0.6700      -0.7653       0.9501       0.6700      -0.9680      -0.9859      -0.9655      -0.6700       0.7653       1.0000       0.9770      -0.9790      -0.9859      -0.9655      -0.7653       0.6700       0.9705       0.9770       0.6280
c_gap_starr         0.9999      -0.9931       0.9981      -0.9999      -0.9802       1.0000       0.9677      -0.9999       0.9999      -0.9999       0.9999       0.9999       0.9999       0.9999       0.9999      -0.9999      -0.6009       0.8776      -0.9930      -0.6009       0.9985       0.9995       0.9979       0.6009      -0.8776      -0.9796      -0.9999       1.0000       0.9995       0.9979       0.8776      -0.6009      -0.9990      -0.9999      -0.4615
s_gap               0.9716      -0.9906       0.9814      -0.9715      -0.8986       0.9677       1.0000      -0.9714       0.9714      -0.9714       0.9714       0.9714       0.9714       0.9714       0.9714      -0.9714      -0.4784       0.9701      -0.9907      -0.4784       0.9800       0.9593       0.9819       0.4784      -0.9701      -0.8972      -0.9715       0.9691       0.9593       0.9819       0.9701      -0.4784      -0.9779      -0.9715      -0.2229
y_gap_cu           -1.0000       0.9947      -0.9989       1.0000       0.9771      -0.9999      -0.9714       1.0000      -1.0000       1.0000      -1.0000      -1.0000      -1.0000      -1.0000      -1.0000       1.0000       0.5950      -0.8847       0.9947       0.5950      -0.9992      -0.9989      -0.9988      -0.5950       0.8847       0.9764       1.0000      -1.0000      -0.9989      -0.9988      -0.8847       0.5950       0.9996       1.0000       0.4481
a_starr             1.0000      -0.9948       0.9989      -1.0000      -0.9771       0.9999       0.9714      -1.0000       1.0000      -1.0000       1.0000       1.0000       1.0000       1.0000       1.0000      -1.0000      -0.5946       0.8848      -0.9947      -0.5946       0.9992       0.9989       0.9988       0.5946      -0.8848      -0.9764      -1.0000       1.0000       0.9989       0.9988       0.8848      -0.5946      -0.9996      -1.0000      -0.4479
y_nat              -1.0000       0.9948      -0.9989       1.0000       0.9771      -0.9999      -0.9714       1.0000      -1.0000       1.0000      -1.0000      -1.0000      -1.0000      -1.0000      -1.0000       1.0000       0.5946      -0.8848       0.9947       0.5946      -0.9992      -0.9989      -0.9988      -0.5946       0.8848       0.9764       1.0000      -1.0000      -0.9989      -0.9988      -0.8848       0.5946       0.9996       1.0000       0.4479
g_nat               1.0000      -0.9948       0.9989      -1.0000      -0.9771       0.9999       0.9714      -1.0000       1.0000      -1.0000       1.0000       1.0000       1.0000       1.0000       1.0000      -1.0000      -0.5946       0.8848      -0.9947      -0.5946       0.9992       0.9989       0.9988       0.5946      -0.8848      -0.9764      -1.0000       1.0000       0.9989       0.9988       0.8848      -0.5946      -0.9996      -1.0000      -0.4479
c_nat               1.0000      -0.9948       0.9989      -1.0000      -0.9771       0.9999       0.9714      -1.0000       1.0000      -1.0000       1.0000       1.0000       1.0000       1.0000       1.0000      -1.0000      -0.5946       0.8848      -0.9947      -0.5946       0.9992       0.9989       0.9988       0.5946      -0.8848      -0.9764      -1.0000       1.0000       0.9989       0.9988       0.8848      -0.5946      -0.9996      -1.0000      -0.4479
y_nat_starr         1.0000      -0.9948       0.9989      -1.0000      -0.9771       0.9999       0.9714      -1.0000       1.0000      -1.0000       1.0000       1.0000       1.0000       1.0000       1.0000      -1.0000      -0.5946       0.8848      -0.9947      -0.5946       0.9992       0.9989       0.9988       0.5946      -0.8848      -0.9764      -1.0000       1.0000       0.9989       0.9988       0.8848      -0.5946      -0.9996      -1.0000      -0.4479
g_nat_starr         1.0000      -0.9948       0.9989      -1.0000      -0.9771       0.9999       0.9714      -1.0000       1.0000      -1.0000       1.0000       1.0000       1.0000       1.0000       1.0000      -1.0000      -0.5946       0.8848      -0.9947      -0.5946       0.9992       0.9989       0.9988       0.5946      -0.8848      -0.9764      -1.0000       1.0000       0.9989       0.9988       0.8848      -0.5946      -0.9996      -1.0000      -0.4479
c_nat_starr         1.0000      -0.9948       0.9989      -1.0000      -0.9771       0.9999       0.9714      -1.0000       1.0000      -1.0000       1.0000       1.0000       1.0000       1.0000       1.0000      -1.0000      -0.5946       0.8848      -0.9947      -0.5946       0.9992       0.9989       0.9988       0.5946      -0.8848      -0.9764      -1.0000       1.0000       0.9989       0.9988       0.8848      -0.5946      -0.9996      -1.0000      -0.4479
s_nat              -1.0000       0.9948      -0.9989       1.0000       0.9771      -0.9999      -0.9714       1.0000      -1.0000       1.0000      -1.0000      -1.0000      -1.0000      -1.0000      -1.0000       1.0000       0.5946      -0.8848       0.9947       0.5946      -0.9992      -0.9989      -0.9988      -0.5946       0.8848       0.9764       1.0000      -1.0000      -0.9989      -0.9988      -0.8848       0.5946       0.9996       1.0000       0.4479
y                  -0.5935       0.5489      -0.5746       0.5945       0.6700      -0.6009      -0.4784       0.5950      -0.5946       0.5946      -0.5946      -0.5946      -0.5946      -0.5946      -0.5946       0.5946       1.0000      -0.3308       0.5487       1.0000      -0.5779      -0.6135      -0.5734      -1.0000       0.3308       0.6709       0.5945      -0.5986      -0.6135      -0.5734      -0.3308       1.0000       0.5823       0.5945       0.6403
pie                 0.8852      -0.9278       0.9055      -0.8848      -0.7653       0.8776       0.9701      -0.8847       0.8848      -0.8848       0.8848       0.8848       0.8848       0.8848       0.8848      -0.8848      -0.3308       1.0000      -0.9279      -0.3308       0.9023       0.8621       0.9066       0.3308      -1.0000      -0.7633      -0.8849       0.8803       0.8621       0.9066       1.0000      -0.3308      -0.8980      -0.8849       0.0203
g                  -0.9948       1.0000      -0.9984       0.9947       0.9501      -0.9930      -0.9907       0.9947      -0.9947       0.9947      -0.9947      -0.9947      -0.9947      -0.9947      -0.9947       0.9947       0.5487      -0.9279       1.0000       0.5487      -0.9980      -0.9889      -0.9986      -0.5487       0.9279       0.9491       0.9947      -0.9937      -0.9889      -0.9986      -0.9279       0.5487       0.9973       0.9948       0.3538
n                  -0.5935       0.5489      -0.5746       0.5945       0.6700      -0.6009      -0.4784       0.5950      -0.5946       0.5946      -0.5946      -0.5946      -0.5946      -0.5946      -0.5946       0.5946       1.0000      -0.3308       0.5487       1.0000      -0.5779      -0.6135      -0.5734      -1.0000       0.3308       0.6709       0.5945      -0.5986      -0.6135      -0.5734      -0.3308       1.0000       0.5823       0.5945       0.6403
c                   0.9993      -0.9980       1.0000      -0.9992      -0.9680       0.9985       0.9800      -0.9992       0.9992      -0.9992       0.9992       0.9992       0.9992       0.9992       0.9992      -0.9992      -0.5779       0.9023      -0.9980      -0.5779       1.0000       0.9963       1.0000       0.5779      -0.9023      -0.9672      -0.9992       0.9988       0.9963       1.0000       0.9023      -0.5779      -1.0000      -0.9992      -0.4127
c_F                 0.9989      -0.9889       0.9957      -0.9989      -0.9859       0.9995       0.9593      -0.9989       0.9989      -0.9989       0.9989       0.9989       0.9989       0.9989       0.9989      -0.9989      -0.6135       0.8621      -0.9889      -0.6135       0.9963       1.0000       0.9954       0.6135      -0.8621      -0.9854      -0.9989       0.9993       1.0000       0.9954       0.8621      -0.6135      -0.9971      -0.9989      -0.4892
c_H                 0.9988      -0.9986       1.0000      -0.9988      -0.9655       0.9979       0.9819      -0.9988       0.9988      -0.9988       0.9988       0.9988       0.9988       0.9988       0.9988      -0.9988      -0.5734       0.9066      -0.9986      -0.5734       1.0000       0.9954       1.0000       0.5734      -0.9066      -0.9646      -0.9988       0.9983       0.9954       1.0000       0.9066      -0.5734      -0.9998      -0.9988      -0.4036
y_starr             0.5935      -0.5489       0.5746      -0.5945      -0.6700       0.6009       0.4784      -0.5950       0.5946      -0.5946       0.5946       0.5946       0.5946       0.5946       0.5946      -0.5946      -1.0000       0.3308      -0.5487      -1.0000       0.5779       0.6135       0.5734       1.0000      -0.3308      -0.6709      -0.5945       0.5986       0.6135       0.5734       0.3308      -1.0000      -0.5823      -0.5945      -0.6403
pie_starr          -0.8852       0.9278      -0.9055       0.8848       0.7653      -0.8776      -0.9701       0.8847      -0.8848       0.8848      -0.8848      -0.8848      -0.8848      -0.8848      -0.8848       0.8848       0.3308      -1.0000       0.9279       0.3308      -0.9023      -0.8621      -0.9066      -0.3308       1.0000       0.7633       0.8849      -0.8803      -0.8621      -0.9066      -1.0000       0.3308       0.8980       0.8849      -0.0203
g_starr            -0.9762       0.9492      -0.9653       0.9764       1.0000      -0.9796      -0.8972       0.9764      -0.9764       0.9764      -0.9764      -0.9764      -0.9764      -0.9764      -0.9764       0.9764       0.6709      -0.7633       0.9491       0.6709      -0.9672      -0.9854      -0.9646      -0.6709       0.7633       1.0000       0.9764      -0.9784      -0.9854      -0.9646      -0.7633       0.6709       0.9697       0.9763       0.6305
n_starr            -1.0000       0.9948      -0.9989       1.0000       0.9770      -0.9999      -0.9715       1.0000      -1.0000       1.0000      -1.0000      -1.0000      -1.0000      -1.0000      -1.0000       1.0000       0.5945      -0.8849       0.9947       0.5945      -0.9992      -0.9989      -0.9988      -0.5945       0.8849       0.9764       1.0000      -1.0000      -0.9989      -0.9988      -0.8849       0.5945       0.9996       1.0000       0.4478
c_starr             0.9999      -0.9937       0.9984      -1.0000      -0.9790       1.0000       0.9691      -1.0000       1.0000      -1.0000       1.0000       1.0000       1.0000       1.0000       1.0000      -1.0000      -0.5986       0.8803      -0.9937      -0.5986       0.9988       0.9993       0.9983       0.5986      -0.8803      -0.9784      -1.0000       1.0000       0.9993       0.9983       0.8803      -0.5986      -0.9993      -1.0000      -0.4564
c_F_starr           0.9989      -0.9889       0.9957      -0.9989      -0.9859       0.9995       0.9593      -0.9989       0.9989      -0.9989       0.9989       0.9989       0.9989       0.9989       0.9989      -0.9989      -0.6135       0.8621      -0.9889      -0.6135       0.9963       1.0000       0.9954       0.6135      -0.8621      -0.9854      -0.9989       0.9993       1.0000       0.9954       0.8621      -0.6135      -0.9971      -0.9989      -0.4892
c_H_starr           0.9988      -0.9986       1.0000      -0.9988      -0.9655       0.9979       0.9819      -0.9988       0.9988      -0.9988       0.9988       0.9988       0.9988       0.9988       0.9988      -0.9988      -0.5734       0.9066      -0.9986      -0.5734       1.0000       0.9954       1.0000       0.5734      -0.9066      -0.9646      -0.9988       0.9983       0.9954       1.0000       0.9066      -0.5734      -0.9998      -0.9988      -0.4036
pie_cu              0.8852      -0.9278       0.9055      -0.8848      -0.7653       0.8776       0.9701      -0.8847       0.8848      -0.8848       0.8848       0.8848       0.8848       0.8848       0.8848      -0.8848      -0.3308       1.0000      -0.9279      -0.3308       0.9023       0.8621       0.9066       0.3308      -1.0000      -0.7633      -0.8849       0.8803       0.8621       0.9066       1.0000      -0.3308      -0.8980      -0.8849       0.0203
y_cu               -0.5935       0.5489      -0.5746       0.5945       0.6700      -0.6009      -0.4784       0.5950      -0.5946       0.5946      -0.5946      -0.5946      -0.5946      -0.5946      -0.5946       0.5946       1.0000      -0.3308       0.5487       1.0000      -0.5779      -0.6135      -0.5734      -1.0000       0.3308       0.6709       0.5945      -0.5986      -0.6135      -0.5734      -0.3308       1.0000       0.5823       0.5945       0.6403
g_cu               -0.9996       0.9973      -0.9999       0.9996       0.9705      -0.9990      -0.9779       0.9996      -0.9996       0.9996      -0.9996      -0.9996      -0.9996      -0.9996      -0.9996       0.9996       0.5823      -0.8980       0.9973       0.5823      -1.0000      -0.9971      -0.9998      -0.5823       0.8980       0.9697       0.9996      -0.9993      -0.9971      -0.9998      -0.8980       0.5823       1.0000       0.9996       0.4217
ii                 -1.0000       0.9948      -0.9989       1.0000       0.9770      -0.9999      -0.9715       1.0000      -1.0000       1.0000      -1.0000      -1.0000      -1.0000      -1.0000      -1.0000       1.0000       0.5945      -0.8849       0.9948       0.5945      -0.9992      -0.9989      -0.9988      -0.5945       0.8849       0.9763       1.0000      -1.0000      -0.9989      -0.9988      -0.8849       0.5945       0.9996       1.0000       0.4477
s                  -0.4472       0.3542      -0.4059       0.4478       0.6280      -0.4615      -0.2229       0.4481      -0.4479       0.4479      -0.4479      -0.4479      -0.4479      -0.4479      -0.4479       0.4479       0.6403       0.0203       0.3538       0.6403      -0.4127      -0.4892      -0.4036      -0.6403      -0.0203       0.6305       0.4478      -0.4564      -0.4892      -0.4036       0.0203       0.6403       0.4217       0.4477       1.0000



COEFFICIENTS OF AUTOCORRELATION
Order               1       2       3       4       5
y_gap          0.0002 -0.0006 -0.0005 -0.0003 -0.0002
g_gap         -0.0351 -0.0323 -0.0289 -0.0259 -0.0231
c_gap         -0.0178 -0.0168 -0.0151 -0.0135 -0.0120
y_gap_starr    0.0009 -0.0000 -0.0000 -0.0000 -0.0000
g_gap_starr    0.1346  0.1196  0.1070  0.0957  0.0856
c_gap_starr    0.0080  0.0063  0.0056  0.0050  0.0045
s_gap         -0.0519 -0.0473 -0.0423 -0.0378 -0.0338
y_gap_cu       0.0013  0.0002  0.0002  0.0001  0.0001
a_starr        0.0010  0.0000  0.0000  0.0000  0.0000
y_nat          0.0010  0.0000  0.0000  0.0000  0.0000
g_nat          0.0010  0.0000  0.0000  0.0000  0.0000
c_nat          0.0010  0.0000  0.0000  0.0000  0.0000
y_nat_starr    0.0010  0.0000  0.0000  0.0000  0.0000
g_nat_starr    0.0010  0.0000  0.0000  0.0000  0.0000
c_nat_starr    0.0010  0.0000  0.0000  0.0000  0.0000
s_nat          0.0010  0.0000  0.0000  0.0000  0.0000
y              0.7956  0.6230  0.4781  0.3569  0.2560
pie            0.0100  0.0081  0.0073  0.0065  0.0059
g             -0.0352 -0.0324 -0.0290 -0.0259 -0.0232
n              0.7956  0.6230  0.4781  0.3569  0.2560
c             -0.0151 -0.0144 -0.0129 -0.0115 -0.0103
c_F            0.0238  0.0204  0.0183  0.0163  0.0146
c_H           -0.0188 -0.0177 -0.0158 -0.0141 -0.0126
y_starr        0.7956  0.6230  0.4781  0.3569  0.2560
pie_starr      0.0100  0.0081  0.0073  0.0065  0.0059
g_starr        0.1371  0.1218  0.1090  0.0974  0.0871
n_starr        0.0009 -0.0001 -0.0001 -0.0000 -0.0000
c_starr        0.0053  0.0039  0.0035  0.0031  0.0028
c_F_starr      0.0238  0.0204  0.0183  0.0163  0.0146
c_H_starr     -0.0188 -0.0177 -0.0158 -0.0141 -0.0126
pie_cu         0.0100  0.0081  0.0073  0.0065  0.0059
y_cu           0.7956  0.6230  0.4781  0.3569  0.2560
g_cu          -0.0112 -0.0109 -0.0098 -0.0088 -0.0078
ii             0.0009 -0.0001 -0.0001 -0.0001 -0.0001
s              0.8943  0.7997  0.7151  0.6395  0.5719
Total computing time : 0h00m07s
