Starting Dynare (version 5.0).
Calling Dynare with arguments: none
Starting preprocessing of the model file ...
Ramsey Problem: added 36 Multipliers.
Found 36 equation(s).
Found 75 FOC equation(s) for Ramsey Problem.
Evaluating expressions...done
Computing static model derivatives (order 1).
Computing dynamic model derivatives (order 2).
Computing dynamic model derivatives (order 2).
Computing static model derivatives (order 3).
Processing outputs ...
done
Preprocessing completed.


STEADY-STATE RESULTS:

y_gap       		 0
g_gap       		 0
c_gap       		 0
y_gap_starr 		 0
g_gap_starr 		 0
c_gap_starr 		 0
s_gap       		 0
y_gap_cu    		 0
g_gap_cu    		 0
a           		 0
xi          		 0
a_starr     		 0
xi_starr    		 0
y_nat       		 0
g_nat       		 0
c_nat       		 0
y_nat_starr 		 0
g_nat_starr 		 0
c_nat_starr 		 0
s_nat       		 0
y           		 0
pie         		 0
g           		 0
n           		 0
c           		 0
c_F         		 0
c_H         		 0
y_starr     		 0
pie_starr   		 0
g_starr     		 0
n_starr     		 0
c_starr     		 0
c_F_starr   		 0
c_H_starr   		 0
ii          		 0
s           		 0
pie_cu      		 0
y_cu        		 0
g_cu        		 0

MODEL SUMMARY

  Number of variables:         75
  Number of stochastic shocks: 4
  Number of state variables:   8
  Number of jumpers:           11
  Number of static variables:  56


MATRIX OF COVARIANCE OF EXOGENOUS SHOCKS
Variables              eps_a        eps_xi   eps_a_starr  eps_xi_starr
eps_a               1.000000      0.000000      0.000000      0.000000
eps_xi              0.000000      1.000000      0.000000      0.000000
eps_a_starr         0.000000      0.000000      1.000000      0.000000
eps_xi_starr        0.000000      0.000000      0.000000      1.000000

POLICY AND TRANSITION FUNCTIONS
                               y_gap           g_gap           c_gap     y_gap_starr     g_gap_starr     c_gap_starr           s_gap        y_gap_cu        g_gap_cu               a              xi         a_starr        xi_starr           y_nat           g_nat           c_nat     y_nat_starr     g_nat_starr     c_nat_starr           s_nat               y             pie               g               n               c             c_F             c_H         y_starr       pie_starr         g_starr         n_starr         c_starr       c_F_starr       c_H_starr              ii               s          pie_cu            y_cu            g_cu
a(-1)                              0               0               0               0               0               0               0               0               0        0.900000               0               0               0        1.142909       -0.144241        0.556972       -0.256615        0.144208        0.356734        0.400477        1.142908        0.000013       -0.144241        0.242908        0.556972        0.256615        0.657091       -0.256614               0        0.144208       -0.256614        0.356734        0.256615        0.657091       -0.044308        0.400477        0.000006        0.443147       -0.000017
xi(-1)                             0               0               0               0               0               0               0               0               0               0        0.900000               0               0       -0.571454        0.072207       -0.278487        0.128307       -0.072155       -0.178367       -0.200239       -0.571453       -0.000003        0.072207       -0.571453       -0.278487       -0.128307       -0.328546        0.128307       -0.000002       -0.072155        0.128307       -0.178367       -0.128307       -0.328546        0.022154       -0.200239       -0.000003       -0.221573        0.000026
a_starr(-1)                        0               0               0               0               0               0               0               0               0               0               0        0.900000               0       -0.256615        0.144158        0.356735        1.142908       -0.144298        0.556973       -0.400477       -0.256615       -0.000006        0.144158       -0.256615        0.356735        0.657092        0.256615        1.142908       -0.000006       -0.144298        0.242908        0.556973        0.657092        0.256615       -0.044320       -0.400477       -0.000006        0.443146       -0.000070
xi_starr(-1)                       0               0               0               0               0               0               0               0               0               0               0               0        0.900000        0.128307       -0.072122       -0.178366       -0.571455        0.072061       -0.278485        0.200238        0.128307        0.000002       -0.072122        0.128307       -0.178366       -0.328545       -0.128307       -0.571455        0.000006        0.072061       -0.571455       -0.278485       -0.328545       -0.128307        0.022161        0.200238        0.000004       -0.221574       -0.000030
MULT_8(-1)                  1.273939       -0.850708        0.633229       -0.294141       -0.129096        0.407175        0.452109        0.489899       -0.489902               0               0               0               0               0               0               0               0               0               0               0        1.273939   202015.741625       -0.850708        1.273939        0.633229        0.294148        0.746257       -0.294141        0.442013       -0.129096       -0.294141        0.407175        0.294148        0.746257       -0.510513        0.452109   101008.091819        0.489899       -0.489902
MULT_9(-1)                  1.269888       -0.160218        0.618852       -0.285126        0.160212        0.396367        0.444970        0.492381       -0.000003               0               0               0               0               0               0               0               0               0               0               0        1.269888   199994.893538       -0.160218        1.269888        0.618852        0.285124        0.730094       -0.285126        0.143502        0.160212       -0.285126        0.396367        0.285124        0.730094       -0.005858        0.444970    99997.518520        0.492381       -0.000003
MULT_10(-1)                -0.294142       -0.129113        0.407175        1.273940       -0.850702        0.633230       -0.452109        0.489899       -0.489907               0               0               0               0               0               0               0               0               0               0               0       -0.294142        0.374947       -0.129113       -0.294142        0.407175        0.746257        0.294148        1.273940   202015.811992       -0.850702        1.273940        0.633230        0.746257        0.294148       -0.520952       -0.452109   101008.093470        0.489899       -0.489907
MULT_11(-1)                -0.285126        0.160196        0.396367        1.269888       -0.160212        0.618852       -0.444970        0.492381       -0.000008               0               0               0               0               0               0               0               0               0               0               0       -0.285126        0.077106        0.160196       -0.285126        0.396367        0.730095        0.285124        1.269888   199994.963201       -0.160212        1.269888        0.618852        0.730095        0.285124       -0.016193       -0.444970    99997.520154        0.492381       -0.000008
eps_a                              0               0               0               0               0               0               0               0               0        1.000000               0               0               0        1.269898       -0.160268        0.618858       -0.285127        0.160231        0.396371        0.444974        1.269898               0       -0.160267        0.269898        0.618858        0.285127        0.730102       -0.285127        0.000003        0.160231       -0.285127        0.396371        0.285127        0.730102       -0.049232        0.444974        0.000001        0.492386       -0.000018
eps_xi                             0               0               0               0               0               0               0               0               0               0        1.000000               0               0       -0.634948        0.080231       -0.309430        0.142563       -0.080172       -0.198186       -0.222488       -0.634948               0        0.080230       -0.634948       -0.309430       -0.142564       -0.365052        0.142563               0       -0.080172        0.142563       -0.198186       -0.142564       -0.365052        0.024616       -0.222488               0       -0.246192        0.000029
eps_a_starr                        0               0               0               0               0               0               0               0               0               0               0        1.000000               0       -0.285128        0.160175        0.396372        1.269897       -0.160332        0.618859       -0.444974       -0.285128               0        0.160175       -0.285128        0.396372        0.730103        0.285128        1.269897               0       -0.160332        0.269897        0.618859        0.730103        0.285128       -0.049244       -0.444974               0        0.492385       -0.000078
eps_xi_starr                       0               0               0               0               0               0               0               0               0               0               0               0        1.000000        0.142563       -0.080136       -0.198185       -0.634950        0.080068       -0.309428        0.222487        0.142563               0       -0.080136        0.142563       -0.198185       -0.365050       -0.142563       -0.634950               0        0.080068       -0.634950       -0.309428       -0.365050       -0.142563        0.024623        0.222487               0       -0.246193       -0.000034


THEORETICAL MOMENTS
VARIABLE            MEAN  STD. DEV.   VARIANCE
y_gap             0.0000     0.0000     0.0000
g_gap             0.0000     0.0000     0.0000
c_gap             0.0000     0.0000     0.0000
y_gap_starr       0.0000     0.0000     0.0000
g_gap_starr       0.0000     0.0000     0.0000
c_gap_starr       0.0000     0.0000     0.0000
s_gap             0.0000     0.0000     0.0000
y_gap_cu          0.0000     0.0000     0.0000
g_gap_cu          0.0000     0.0000     0.0000
a                 0.0000     2.2942     5.2632
xi                0.0000     2.2942     5.2632
a_starr           0.0000     2.2942     5.2632
xi_starr          0.0000     2.2942     5.2632
y_nat             0.0000     3.3383    11.1443
g_nat             0.0000     0.5813     0.3379
c_nat             0.0000     1.8850     3.5533
y_nat_starr       0.0000     3.3383    11.1443
g_nat_starr       0.0000     0.5814     0.3380
c_nat_starr       0.0000     1.8850     3.5533
s_nat             0.0000     1.6141     2.6053
y                 0.0000     3.3383    11.1443
pie               0.0000     0.0720     0.0052
g                 0.0000     0.5813     0.3379
n                 0.0000     1.7436     3.0401
c                 0.0000     1.8850     3.5533
c_F               0.0000     2.0104     4.0418
c_H               0.0000     2.0104     4.0418
y_starr           0.0000     3.3383    11.1443
pie_starr         0.0000     0.0719     0.0052
g_starr           0.0000     0.5814     0.3380
n_starr           0.0000     1.7436     3.0401
c_starr           0.0000     1.8850     3.5533
c_F_starr         0.0000     2.0104     4.0418
c_H_starr         0.0000     2.0104     4.0418
ii                0.0000     0.1786     0.0319
s                 0.0000     1.6141     2.6053
pie_cu            0.0000     0.0000     0.0000
y_cu              0.0000     1.7861     3.1900
g_cu              0.0000     0.0002     0.0000



VARIANCE DECOMPOSITION (in percent)
                      eps_a        eps_xi   eps_a_starr  eps_xi_starr
y_gap                 40.01         10.00         39.99         10.00
g_gap                 39.21         10.17         40.36         10.26
c_gap                 39.96         10.00         40.03         10.01
y_gap_starr           40.00         10.00         40.00         10.00
g_gap_starr           40.38          9.99         39.74          9.90
c_gap_starr           40.01          9.99         40.03          9.98
s_gap                 40.01         10.00         39.99         10.00
y_gap_cu              56.68          7.49         25.86          9.97
g_gap_cu              90.67          0.09          2.67          6.58
a                    100.00          0.00          0.00          0.00
xi                     0.00        100.00          0.00          0.00
a_starr                0.00          0.00        100.00          0.00
xi_starr               0.00          0.00          0.00        100.00
y_nat                 76.16         19.04          3.84          0.96
g_nat                 40.01         10.03         39.96         10.00
c_nat                 56.73         14.18         23.27          5.82
y_nat_starr            3.84          0.96         76.16         19.04
g_nat_starr           39.98         10.01         40.03          9.98
c_nat_starr           23.27          5.82         56.73         14.18
s_nat                 40.00         10.00         40.00         10.00
y                     76.16         19.04          3.84          0.96
pie                   40.00         10.00         40.00         10.00
g                     40.01         10.03         39.96         10.00
n                     12.61         69.80         14.07          3.52
c                     56.73         14.18         23.27          5.82
c_F                   10.59          2.65         69.41         17.35
c_H                   69.41         17.35         10.59          2.65
y_starr                3.84          0.96         76.16         19.04
pie_starr             40.00         10.00         40.00         10.00
g_starr               39.98         10.01         40.03          9.98
n_starr               14.07          3.52         12.61         69.80
c_starr               23.27          5.82         56.73         14.18
c_F_starr             10.59          2.65         69.41         17.35
c_H_starr             69.41         17.35         10.59          2.65
ii                    39.99         10.00         40.01         10.00
s                     40.00         10.00         40.00         10.00
pie_cu                49.70          9.62         26.78         13.90
y_cu                  40.00         10.00         40.00         10.00
g_cu                   4.02         10.21         72.33         13.43



MATRIX OF CORRELATIONS
Variables                a           xi      a_starr     xi_starr        y_nat        g_nat        c_nat  y_nat_starr  g_nat_starr  c_nat_starr        s_nat            y          pie            g            n            c          c_F          c_H      y_starr    pie_starr      g_starr      n_starr      c_starr    c_F_starr    c_H_starr           ii            s       pie_cu         y_cu         g_cu
a                   1.0000       0.0000       0.0000       0.0000       0.8727      -0.6325       0.7532      -0.1959       0.6323       0.4824       0.6325       0.8727       0.5692      -0.6325       0.3551       0.7532       0.3254       0.8331      -0.1959      -0.5692       0.6323      -0.3752       0.4824       0.3254       0.8331      -0.6324       0.6325       0.6549       0.6325      -0.2006
xi                  0.0000       1.0000       0.0000       0.0000      -0.4363       0.3166      -0.3766       0.0980      -0.3164      -0.2412      -0.3162      -0.4363      -0.2846       0.3166      -0.8354      -0.3766      -0.1627      -0.4166       0.0980       0.2846      -0.3164       0.1876      -0.2412      -0.1627      -0.4166       0.3162      -0.3162      -0.2730      -0.3162       0.3196
a_starr             0.0000       0.0000       1.0000       0.0000      -0.1959       0.6322       0.4824       0.8727      -0.6327       0.7532      -0.6325      -0.1959      -0.5692       0.6322      -0.3752       0.4824       0.8331       0.3254       0.8727       0.5692      -0.6327       0.3551       0.7532       0.8331       0.3254      -0.6325      -0.6325      -0.4665       0.6325      -0.8505
xi_starr            0.0000       0.0000       0.0000       1.0000       0.0980      -0.3163      -0.2412      -0.4364       0.3160      -0.3766       0.3162       0.0980       0.2846      -0.3163       0.1876      -0.2412      -0.4166      -0.1627      -0.4364      -0.2846       0.3160      -0.8354      -0.3766      -0.4166      -0.1627       0.3163       0.3162       0.3337      -0.3162      -0.3665
y_nat               0.8727      -0.4363      -0.1959       0.0980       1.0000      -0.8450       0.7035      -0.4275       0.8448       0.3418       0.8448       1.0000       0.7604      -0.8450       0.7663       0.7035       0.1509       0.8292      -0.4275      -0.7603       0.8448      -0.5607       0.3418       0.1509       0.8292      -0.5349       0.8448       0.8147       0.5350      -0.1838
g_nat              -0.6325       0.3166       0.6322      -0.3163      -0.8450       1.0000      -0.2144       0.8447      -1.0000       0.2137      -1.0000      -0.8450      -0.9000       1.0000      -0.7856      -0.2144       0.4011      -0.4018       0.8447       0.9000      -1.0000       0.7854       0.2137       0.4011      -0.4018       0.0002      -1.0000      -0.9011      -0.0003      -0.1936
c_nat               0.7532      -0.3766       0.4824      -0.2412       0.7035      -0.2144       1.0000       0.3418       0.2139       0.9083       0.2141       0.7035       0.1927      -0.2144       0.3559       1.0000       0.8087       0.9806       0.3418      -0.1926       0.2139       0.0196       0.9083       0.8087       0.9806      -0.9768       0.2141       0.2905       0.9768      -0.5933
y_nat_starr        -0.1959       0.0980       0.8727      -0.4364      -0.4275       0.8447       0.3418       1.0000      -0.8449       0.7035      -0.8448      -0.4275      -0.7603       0.8447      -0.5607       0.3418       0.8292       0.1509       1.0000       0.7604      -0.8449       0.7663       0.7035       0.8292       0.1509      -0.5351      -0.8448      -0.7078       0.5350      -0.5116
g_nat_starr         0.6323      -0.3164      -0.6327       0.3160       0.8448      -1.0000       0.2139      -0.8449       1.0000      -0.2142       1.0000       0.8448       0.9000      -1.0000       0.7855       0.2139      -0.4015       0.4013      -0.8449      -0.9000       1.0000      -0.7852      -0.2142      -0.4015       0.4013       0.0003       1.0000       0.9010      -0.0001       0.1943
c_nat_starr         0.4824      -0.2412       0.7532      -0.3766       0.3418       0.2137       0.9083       0.7035      -0.2142       1.0000      -0.2141       0.3418      -0.1926       0.2137       0.0196       0.9083       0.9806       0.8087       0.7035       0.1927      -0.2142       0.3559       1.0000       0.9806       0.8087      -0.9768      -0.2141      -0.0953       0.9768      -0.6764
s_nat               0.6325      -0.3162      -0.6325       0.3162       0.8448      -1.0000       0.2141      -0.8448       1.0000      -0.2141       1.0000       0.8448       0.9000      -1.0000       0.7854       0.2141      -0.4014       0.4014      -0.8448      -0.9000       1.0000      -0.7854      -0.2141      -0.4014       0.4014       0.0001       1.0000       0.9011       0.0000       0.1940
y                   0.8727      -0.4363      -0.1959       0.0980       1.0000      -0.8450       0.7035      -0.4275       0.8448       0.3418       0.8448       1.0000       0.7604      -0.8450       0.7663       0.7035       0.1509       0.8292      -0.4275      -0.7603       0.8448      -0.5607       0.3418       0.1509       0.8292      -0.5349       0.8448       0.8147       0.5350      -0.1838
pie                 0.5692      -0.2846      -0.5692       0.2846       0.7604      -0.9000       0.1927      -0.7603       0.9000      -0.1926       0.9000       0.7604       1.0000      -0.9000       0.7068       0.1927      -0.3613       0.3613      -0.7603      -1.0000       0.9000      -0.7068      -0.1926      -0.3613       0.3613       0.0001       0.9000       0.9875       0.0000       0.1746
g                  -0.6325       0.3166       0.6322      -0.3163      -0.8450       1.0000      -0.2144       0.8447      -1.0000       0.2137      -1.0000      -0.8450      -0.9000       1.0000      -0.7856      -0.2144       0.4011      -0.4018       0.8447       0.9000      -1.0000       0.7854       0.2137       0.4011      -0.4018       0.0002      -1.0000      -0.9011      -0.0003      -0.1936
n                   0.3551      -0.8354      -0.3752       0.1876       0.7663      -0.7856       0.3559      -0.5607       0.7855       0.0196       0.7854       0.7663       0.7068      -0.7856       1.0000       0.3559      -0.1392       0.4913      -0.5607      -0.7068       0.7855      -0.5799       0.0196      -0.1392       0.4913      -0.1921       0.7854       0.6982       0.1922      -0.0879
c                   0.7532      -0.3766       0.4824      -0.2412       0.7035      -0.2144       1.0000       0.3418       0.2139       0.9083       0.2141       0.7035       0.1927      -0.2144       0.3559       1.0000       0.8087       0.9806       0.3418      -0.1926       0.2139       0.0196       0.9083       0.8087       0.9806      -0.9768       0.2141       0.2905       0.9768      -0.5933
c_F                 0.3254      -0.1627       0.8331      -0.4166       0.1509       0.4011       0.8087       0.8292      -0.4015       0.9806      -0.4014       0.1509      -0.3613       0.4011      -0.1392       0.8087       1.0000       0.6777       0.8292       0.3613      -0.4015       0.4913       0.9806       1.0000       0.6777      -0.9159      -0.4014      -0.2702       0.9159      -0.6731
c_H                 0.8331      -0.4166       0.3254      -0.1627       0.8292      -0.4018       0.9806       0.1509       0.4013       0.8087       0.4014       0.8292       0.3613      -0.4018       0.4913       0.9806       0.6777       1.0000       0.1509      -0.3613       0.4013      -0.1392       0.8087       0.6777       1.0000      -0.9158       0.4014       0.4532       0.9159      -0.5174
y_starr            -0.1959       0.0980       0.8727      -0.4364      -0.4275       0.8447       0.3418       1.0000      -0.8449       0.7035      -0.8448      -0.4275      -0.7603       0.8447      -0.5607       0.3418       0.8292       0.1509       1.0000       0.7604      -0.8449       0.7663       0.7035       0.8292       0.1509      -0.5351      -0.8448      -0.7078       0.5350      -0.5116
pie_starr          -0.5692       0.2846       0.5692      -0.2846      -0.7603       0.9000      -0.1926       0.7604      -0.9000       0.1927      -0.9000      -0.7603      -1.0000       0.9000      -0.7068      -0.1926       0.3613      -0.3613       0.7604       1.0000      -0.9000       0.7068       0.1927       0.3613      -0.3613      -0.0002      -0.9000      -0.9875       0.0000      -0.1747
g_starr             0.6323      -0.3164      -0.6327       0.3160       0.8448      -1.0000       0.2139      -0.8449       1.0000      -0.2142       1.0000       0.8448       0.9000      -1.0000       0.7855       0.2139      -0.4015       0.4013      -0.8449      -0.9000       1.0000      -0.7852      -0.2142      -0.4015       0.4013       0.0003       1.0000       0.9010      -0.0001       0.1943
n_starr            -0.3752       0.1876       0.3551      -0.8354      -0.5607       0.7854       0.0196       0.7663      -0.7852       0.3559      -0.7854      -0.5607      -0.7068       0.7854      -0.5799       0.0196       0.4913      -0.1392       0.7663       0.7068      -0.7852       1.0000       0.3559       0.4913      -0.1392      -0.1923      -0.7854      -0.7413       0.1922       0.1394
c_starr             0.4824      -0.2412       0.7532      -0.3766       0.3418       0.2137       0.9083       0.7035      -0.2142       1.0000      -0.2141       0.3418      -0.1926       0.2137       0.0196       0.9083       0.9806       0.8087       0.7035       0.1927      -0.2142       0.3559       1.0000       0.9806       0.8087      -0.9768      -0.2141      -0.0953       0.9768      -0.6764
c_F_starr           0.3254      -0.1627       0.8331      -0.4166       0.1509       0.4011       0.8087       0.8292      -0.4015       0.9806      -0.4014       0.1509      -0.3613       0.4011      -0.1392       0.8087       1.0000       0.6777       0.8292       0.3613      -0.4015       0.4913       0.9806       1.0000       0.6777      -0.9159      -0.4014      -0.2702       0.9159      -0.6731
c_H_starr           0.8331      -0.4166       0.3254      -0.1627       0.8292      -0.4018       0.9806       0.1509       0.4013       0.8087       0.4014       0.8292       0.3613      -0.4018       0.4913       0.9806       0.6777       1.0000       0.1509      -0.3613       0.4013      -0.1392       0.8087       0.6777       1.0000      -0.9158       0.4014       0.4532       0.9159      -0.5174
ii                 -0.6324       0.3162      -0.6325       0.3163      -0.5349       0.0002      -0.9768      -0.5351       0.0003      -0.9768       0.0001      -0.5349       0.0001       0.0002      -0.1921      -0.9768      -0.9159      -0.9158      -0.5351      -0.0002       0.0003      -0.1923      -0.9768      -0.9159      -0.9158       1.0000       0.0001      -0.0998      -1.0000       0.6499
s                   0.6325      -0.3162      -0.6325       0.3162       0.8448      -1.0000       0.2141      -0.8448       1.0000      -0.2141       1.0000       0.8448       0.9000      -1.0000       0.7854       0.2141      -0.4014       0.4014      -0.8448      -0.9000       1.0000      -0.7854      -0.2141      -0.4014       0.4014       0.0001       1.0000       0.9011       0.0000       0.1940
pie_cu              0.6549      -0.2730      -0.4665       0.3337       0.8147      -0.9011       0.2905      -0.7078       0.9010      -0.0953       0.9011       0.8147       0.9875      -0.9011       0.6982       0.2905      -0.2702       0.4532      -0.7078      -0.9875       0.9010      -0.7413      -0.0953      -0.2702       0.4532      -0.0998       0.9011       1.0000       0.0999       0.0558
y_cu                0.6325      -0.3162       0.6325      -0.3162       0.5350      -0.0003       0.9768       0.5350      -0.0001       0.9768       0.0000       0.5350       0.0000      -0.0003       0.1922       0.9768       0.9159       0.9159       0.5350       0.0000      -0.0001       0.1922       0.9768       0.9159       0.9159      -1.0000       0.0000       0.0999       1.0000      -0.6499
g_cu               -0.2006       0.3196      -0.8505      -0.3665      -0.1838      -0.1936      -0.5933      -0.5116       0.1943      -0.6764       0.1940      -0.1838       0.1746      -0.1936      -0.0879      -0.5933      -0.6731      -0.5174      -0.5116      -0.1747       0.1943       0.1394      -0.6764      -0.6731      -0.5174       0.6499       0.1940       0.0558      -0.6499       1.0000



COEFFICIENTS OF AUTOCORRELATION
Order               1       2       3       4       5
a              0.9000  0.8100  0.7290  0.6561  0.5905
xi             0.9000  0.8100  0.7290  0.6561  0.5905
a_starr        0.9000  0.8100  0.7290  0.6561  0.5905
xi_starr       0.9000  0.8100  0.7290  0.6561  0.5905
y_nat          0.9000  0.8100  0.7290  0.6561  0.5905
g_nat          0.9000  0.8100  0.7290  0.6561  0.5905
c_nat          0.9000  0.8100  0.7290  0.6561  0.5905
y_nat_starr    0.9000  0.8100  0.7290  0.6561  0.5905
g_nat_starr    0.9000  0.8100  0.7290  0.6561  0.5905
c_nat_starr    0.9000  0.8100  0.7290  0.6561  0.5905
s_nat          0.9000  0.8100  0.7290  0.6561  0.5905
y              0.9000  0.8100  0.7290  0.6561  0.5905
pie            0.9000  0.8100  0.7290  0.6561  0.5905
g              0.9000  0.8100  0.7290  0.6561  0.5905
n              0.9000  0.8100  0.7290  0.6561  0.5905
c              0.9000  0.8100  0.7290  0.6561  0.5905
c_F            0.9000  0.8100  0.7290  0.6561  0.5905
c_H            0.9000  0.8100  0.7290  0.6561  0.5905
y_starr        0.9000  0.8100  0.7290  0.6561  0.5905
pie_starr      0.9000  0.8100  0.7290  0.6561  0.5905
g_starr        0.9000  0.8100  0.7290  0.6561  0.5905
n_starr        0.9000  0.8100  0.7290  0.6561  0.5905
c_starr        0.9000  0.8100  0.7290  0.6561  0.5905
c_F_starr      0.9000  0.8100  0.7290  0.6561  0.5905
c_H_starr      0.9000  0.8100  0.7290  0.6561  0.5905
ii             0.9000  0.8100  0.7290  0.6561  0.5905
s              0.9000  0.8100  0.7290  0.6561  0.5905
pie_cu         0.9209  0.8298  0.7468  0.6722  0.6049
y_cu           0.9000  0.8100  0.7290  0.6561  0.5905
g_cu           0.9000  0.8100  0.7290  0.6561  0.5905

Approximated value of unconditional welfare:  0.00000000

Approximated value of conditional welfare:
    - with initial Lagrange multipliers set to 0: 0.00000000
    - with initial Lagrange multipliers set to steady state: 0.00000000

Total computing time : 0h00m00s
