Starting Dynare (version 5.0).
Calling Dynare with arguments: none
Starting preprocessing of the model file ...
Ramsey Problem: added 40 Multipliers.
Found 40 equation(s).
Found 83 FOC equation(s) for Ramsey Problem.
Evaluating expressions...done
Computing static model derivatives (order 1).
Computing dynamic model derivatives (order 2).
Computing dynamic model derivatives (order 2).
Computing static model derivatives (order 3).
Processing outputs ...
done
Preprocessing completed.


STEADY-STATE RESULTS:

y_gap         		 0
g_gap         		 0
c_gap         		 0
y_gap_starr   		 0
g_gap_starr   		 0
c_gap_starr   		 0
s_gap         		 0
y_gap_cu      		 0
g_gap_cu      		 0
a             		 0
xi            		 0
a_starr       		 0
xi_starr      		 0
y_nat         		 0
g_nat         		 0
c_nat         		 0
c_H_nat       		 0
c_F_nat       		 0
y_nat_starr   		 0
g_nat_starr   		 0
c_nat_starr   		 0
c_H_nat_starr 		 0
c_F_nat_starr 		 0
s_nat         		 0
y             		 0
pie           		 0
g             		 0
n             		 0
c             		 0
c_H           		 0
c_F           		 0
y_starr       		 0
pie_starr     		 0
g_starr       		 0
n_starr       		 0
c_starr       		 0
c_H_starr     		 0
c_F_starr     		 0
ii            		 0
s             		 0
pie_cu        		 0
y_cu          		 0
g_cu          		 0

MODEL SUMMARY

  Number of variables:         83
  Number of stochastic shocks: 4
  Number of state variables:   8
  Number of jumpers:           11
  Number of static variables:  64


MATRIX OF COVARIANCE OF EXOGENOUS SHOCKS
Variables              eps_a        eps_xi   eps_a_starr  eps_xi_starr
eps_a               0.000000      0.000000      0.000000      0.000000
eps_xi              0.000000      0.000000      0.000000      0.000000
eps_a_starr         0.000000      0.000000      1.000000      0.000000
eps_xi_starr        0.000000      0.000000      0.000000      0.000000

POLICY AND TRANSITION FUNCTIONS
                               y_gap           y_nat           g_gap           g_nat           c_gap           c_nat             pie             c_F             c_H     y_gap_starr     y_nat_starr     g_gap_starr     g_nat_starr     c_gap_starr     c_nat_starr       pie_starr       c_F_starr       c_H_starr        y_gap_cu        g_gap_cu          pie_cu           s_gap           s_nat              ii
a(-1)                      -0.620503        1.057336        0.837466        0.642664       -0.697147        0.849694       -0.036161        0.169409        0.150674        0.620503       -0.516427       -0.837466        0.516427        0.697147       -0.540603        0.036161        0.158417        0.139682               0               0               0       -0.144973        0.126238       -0.086932
a_starr(-1)                 0.620503       -0.516427       -0.837466        0.516427        0.697147       -0.540603        0.036161        0.139682        0.158417       -0.620503        1.057336        0.837466        0.642664       -0.697147        0.849694       -0.036161        0.150674        0.169409               0               0               0        0.144973       -0.126238       -0.086932
MULT_12(-1)                 0.071196               0       -0.229289               0        0.117876               0        0.034361        0.119058        0.117745        0.079039               0       -0.199704               0        0.118157               0        0.020111        0.118288        0.116975        0.075117       -0.214496        0.027236       -0.001313               0       -0.600495
MULT_13(-1)                 0.029403               0        0.033053               0        0.023399               0        0.019035        0.024270        0.023302        0.015294               0       -0.044591               0        0.023605               0        0.004883        0.023702        0.022735        0.022348       -0.005769        0.011959       -0.000968               0       -0.069346
MULT_14(-1)                 0.079039               0       -0.199704               0        0.118157               0        0.020111        0.116975        0.118288        0.071196               0       -0.229289               0        0.117876               0        0.034361        0.117745        0.119058        0.075117       -0.214496        0.027236        0.001313               0       -0.600495
MULT_15(-1)                 0.015294               0       -0.044591               0        0.023605               0        0.004883        0.022735        0.023702        0.029403               0        0.033053               0        0.023399               0        0.019035        0.023302        0.024270        0.022348       -0.005769        0.011959        0.000968               0       -0.069346
eps_a                      -0.730004        1.243924        0.985255        0.756076       -0.820173        0.999640       -0.042542        0.199304        0.177263        0.730004       -0.607561       -0.985255        0.607561        0.820173       -0.636004        0.042542        0.186373        0.164332               0               0               0       -0.170556        0.148515       -0.102273
eps_a_starr                 0.730004       -0.607561       -0.985255        0.607561        0.820173       -0.636004        0.042542        0.164332        0.186373       -0.730004        1.243924        0.985255        0.756076       -0.820173        0.999640       -0.042542        0.177263        0.199304               0               0               0        0.170556       -0.148515       -0.102273
[Warning: Aggregate variance and sum of variances by shocks differ by more than
0.01 %] 
[> In <a href="matlab:matlab.internal.language.introspective.errorDocCallback('th_autocovariances', 'C:\dynare\5.0\matlab\th_autocovariances.m', 206)" style="font-weight:bold">th_autocovariances</a> (<a href="matlab: opentoline('C:\dynare\5.0\matlab\th_autocovariances.m',206,0)">line 206</a>)
In <a href="matlab:matlab.internal.language.introspective.errorDocCallback('disp_th_moments', 'C:\dynare\5.0\matlab\disp_th_moments.m', 40)" style="font-weight:bold">disp_th_moments</a> (<a href="matlab: opentoline('C:\dynare\5.0\matlab\disp_th_moments.m',40,0)">line 40</a>)
In <a href="matlab:matlab.internal.language.introspective.errorDocCallback('stoch_simul', 'C:\dynare\5.0\matlab\stoch_simul.m', 210)" style="font-weight:bold">stoch_simul</a> (<a href="matlab: opentoline('C:\dynare\5.0\matlab\stoch_simul.m',210,0)">line 210</a>)
In <a href="matlab:matlab.internal.language.introspective.errorDocCallback('MODEL_MAIN.driver', 'C:\Users\33689\Documents\GitHub\Master-Thesis\MAIN\+MODEL_MAIN\driver.m', 788)" style="font-weight:bold">MODEL_MAIN.driver</a> (<a href="matlab: opentoline('C:\Users\33689\Documents\GitHub\Master-Thesis\MAIN\+MODEL_MAIN\driver.m',788,0)">line 788</a>)
In <a href="matlab:matlab.internal.language.introspective.errorDocCallback('dynare', 'C:\dynare\5.0\matlab\dynare.m', 281)" style="font-weight:bold">dynare</a> (<a href="matlab: opentoline('C:\dynare\5.0\matlab\dynare.m',281,0)">line 281</a>)] 


THEORETICAL MOMENTS
VARIABLE            MEAN  STD. DEV.   VARIANCE
y_gap             0.0000     1.3943     1.9441
y_nat             0.0000     1.1533     1.3302
g_gap             0.0000     1.9616     3.8477
g_nat             0.0000     1.1533     1.3302
c_gap             0.0000     1.5589     2.4302
c_nat             0.0000     1.2073     1.4577
pie               0.0000     0.1052     0.0111
c_F               0.0000     0.2977     0.0886
c_H               0.0000     0.3576     0.1279
y_gap_starr       0.0000     1.3943     1.9441
y_nat_starr       0.0000     2.3614     5.5760
g_gap_starr       0.0000     1.9616     3.8477
g_nat_starr       0.0000     1.4353     2.0600
c_gap_starr       0.0000     1.5589     2.4302
c_nat_starr       0.0000     1.8976     3.6010
pie_starr         0.0000     0.1052     0.0111
c_F_starr         0.0000     0.3327     0.1107
c_H_starr         0.0000     0.3932     0.1546
y_gap_cu          0.0000     0.0000     0.0000
g_gap_cu          0.0000     0.0000     0.0000
pie_cu            0.0000     0.0000     0.0000
s_gap             0.0000     0.3427     0.1175
s_nat             0.0000     0.2819     0.0795
ii                0.0000     0.1941     0.0377



VARIANCE DECOMPOSITION (in percent)
                      eps_a        eps_xi   eps_a_starr  eps_xi_starr
y_gap                  0.00          0.00        100.00          0.00
y_nat                  0.00          0.00        100.00          0.00
g_gap                  0.00          0.00        100.00          0.00
g_nat                  0.00          0.00        100.00          0.00
c_gap                  0.00          0.00        100.00          0.00
c_nat                  0.00          0.00        100.00          0.00
pie                    0.00          0.00        100.00          0.00
c_F                    0.00          0.00        100.00          0.00
c_H                    0.00          0.00        100.00          0.00
y_gap_starr            0.00          0.00        100.00          0.00
y_nat_starr            0.00          0.00        100.00          0.00
g_gap_starr            0.00          0.00        100.00          0.00
g_nat_starr            0.00          0.00        100.00          0.00
c_gap_starr            0.00          0.00        100.00          0.00
c_nat_starr            0.00          0.00        100.00          0.00
pie_starr              0.00          0.00        100.00          0.00
c_F_starr              0.00          0.00        100.00          0.00
c_H_starr              0.00          0.00        100.00          0.00
y_gap_cu               0.00          0.00        100.00          0.00
g_gap_cu               0.00          0.00        100.00          0.00
pie_cu                 0.00          0.00        100.00          0.00
s_gap                  0.00          0.00        100.00          0.00
s_nat                  0.00          0.00        100.00          0.00
ii                     0.00          0.00        100.00          0.00



MATRIX OF CORRELATIONS
Variables            y_gap        y_nat        g_gap        g_nat        c_gap        c_nat          pie          c_F          c_H  y_gap_starr  y_nat_starr  g_gap_starr  g_nat_starr  c_gap_starr  c_nat_starr    pie_starr    c_F_starr    c_H_starr        s_gap        s_nat           ii
y_gap               1.0000      -0.9976      -0.9570       0.9976       0.9976      -0.9976      -0.3123       0.9937       0.9981      -1.0000       0.9976       0.9570       0.9976      -0.9976       0.9976       0.3123       0.9969       0.9988       0.9989      -0.9976      -0.9976
y_nat              -0.9976       1.0000       0.9748      -1.0000      -1.0000       1.0000       0.2695      -0.9987      -0.9999       0.9976      -1.0000      -0.9748      -1.0000       1.0000      -1.0000      -0.2695      -0.9999      -0.9993      -0.9985       1.0000       1.0000
g_gap              -0.9570       0.9748       1.0000      -0.9748      -0.9746       0.9748       0.1424      -0.9810      -0.9732       0.9570      -0.9748      -1.0000      -0.9748       0.9746      -0.9748      -0.1424      -0.9765      -0.9685      -0.9652       0.9748       0.9748
g_nat               0.9976      -1.0000      -0.9748       1.0000       1.0000      -1.0000      -0.2695       0.9987       0.9999      -0.9976       1.0000       0.9748       1.0000      -1.0000       1.0000       0.2695       0.9999       0.9993       0.9985      -1.0000      -1.0000
c_gap               0.9976      -1.0000      -0.9746       1.0000       1.0000      -1.0000      -0.2708       0.9986       1.0000      -0.9976       1.0000       0.9746       1.0000      -1.0000       1.0000       0.2708       0.9999       0.9993       0.9985      -1.0000      -1.0000
c_nat              -0.9976       1.0000       0.9748      -1.0000      -1.0000       1.0000       0.2695      -0.9987      -0.9999       0.9976      -1.0000      -0.9748      -1.0000       1.0000      -1.0000      -0.2695      -0.9999      -0.9993      -0.9985       1.0000       1.0000
pie                -0.3123       0.2695       0.1424      -0.2695      -0.2708       0.2695       1.0000      -0.2207      -0.2800       0.3123      -0.2695      -0.1424      -0.2695       0.2708      -0.2695      -1.0000      -0.2582      -0.3060      -0.3222       0.2695       0.2695
c_F                 0.9937      -0.9987      -0.9810       0.9987       0.9986      -0.9987      -0.2207       1.0000       0.9981      -0.9937       0.9987       0.9810       0.9987      -0.9986       0.9987       0.2207       0.9992       0.9960       0.9944      -0.9987      -0.9987
c_H                 0.9981      -0.9999      -0.9732       0.9999       1.0000      -0.9999      -0.2800       0.9981       1.0000      -0.9981       0.9999       0.9732       0.9999      -1.0000       0.9999       0.2800       0.9997       0.9996       0.9990      -0.9999      -0.9999
y_gap_starr        -1.0000       0.9976       0.9570      -0.9976      -0.9976       0.9976       0.3123      -0.9937      -0.9981       1.0000      -0.9976      -0.9570      -0.9976       0.9976      -0.9976      -0.3123      -0.9969      -0.9988      -0.9989       0.9976       0.9976
y_nat_starr         0.9976      -1.0000      -0.9748       1.0000       1.0000      -1.0000      -0.2695       0.9987       0.9999      -0.9976       1.0000       0.9748       1.0000      -1.0000       1.0000       0.2695       0.9999       0.9993       0.9985      -1.0000      -1.0000
g_gap_starr         0.9570      -0.9748      -1.0000       0.9748       0.9746      -0.9748      -0.1424       0.9810       0.9732      -0.9570       0.9748       1.0000       0.9748      -0.9746       0.9748       0.1424       0.9765       0.9685       0.9652      -0.9748      -0.9748
g_nat_starr         0.9976      -1.0000      -0.9748       1.0000       1.0000      -1.0000      -0.2695       0.9987       0.9999      -0.9976       1.0000       0.9748       1.0000      -1.0000       1.0000       0.2695       0.9999       0.9993       0.9985      -1.0000      -1.0000
c_gap_starr        -0.9976       1.0000       0.9746      -1.0000      -1.0000       1.0000       0.2708      -0.9986      -1.0000       0.9976      -1.0000      -0.9746      -1.0000       1.0000      -1.0000      -0.2708      -0.9999      -0.9993      -0.9985       1.0000       1.0000
c_nat_starr         0.9976      -1.0000      -0.9748       1.0000       1.0000      -1.0000      -0.2695       0.9987       0.9999      -0.9976       1.0000       0.9748       1.0000      -1.0000       1.0000       0.2695       0.9999       0.9993       0.9985      -1.0000      -1.0000
pie_starr           0.3123      -0.2695      -0.1424       0.2695       0.2708      -0.2695      -1.0000       0.2207       0.2800      -0.3123       0.2695       0.1424       0.2695      -0.2708       0.2695       1.0000       0.2582       0.3060       0.3222      -0.2695      -0.2695
c_F_starr           0.9969      -0.9999      -0.9765       0.9999       0.9999      -0.9999      -0.2582       0.9992       0.9997      -0.9969       0.9999       0.9765       0.9999      -0.9999       0.9999       0.2582       1.0000       0.9987       0.9977      -0.9999      -0.9999
c_H_starr           0.9988      -0.9993      -0.9685       0.9993       0.9993      -0.9993      -0.3060       0.9960       0.9996      -0.9988       0.9993       0.9685       0.9993      -0.9993       0.9993       0.3060       0.9987       1.0000       0.9999      -0.9993      -0.9993
s_gap               0.9989      -0.9985      -0.9652       0.9985       0.9985      -0.9985      -0.3222       0.9944       0.9990      -0.9989       0.9985       0.9652       0.9985      -0.9985       0.9985       0.3222       0.9977       0.9999       1.0000      -0.9985      -0.9985
s_nat              -0.9976       1.0000       0.9748      -1.0000      -1.0000       1.0000       0.2695      -0.9987      -0.9999       0.9976      -1.0000      -0.9748      -1.0000       1.0000      -1.0000      -0.2695      -0.9999      -0.9993      -0.9985       1.0000       1.0000
ii                 -0.9976       1.0000       0.9748      -1.0000      -1.0000       1.0000       0.2695      -0.9987      -0.9999       0.9976      -1.0000      -0.9748      -1.0000       1.0000      -1.0000      -0.2695      -0.9999      -0.9993      -0.9985       1.0000       1.0000



COEFFICIENTS OF AUTOCORRELATION
Order               1       2       3       4       5
y_gap          0.8518  0.7334  0.6364  0.5550  0.4856
y_nat          0.8500  0.7225  0.6141  0.5220  0.4437
g_gap          0.8618  0.7126  0.5700  0.4427  0.3335
g_nat          0.8500  0.7225  0.6141  0.5220  0.4437
c_gap          0.8504  0.7232  0.6150  0.5229  0.4446
c_nat          0.8500  0.7225  0.6141  0.5220  0.4437
pie            0.8433  0.7206  0.6216  0.5398  0.4709
c_F            0.8339  0.6962  0.5817  0.4864  0.4069
c_H            0.8535  0.7282  0.6211  0.5297  0.4516
y_gap_starr    0.8518  0.7334  0.6364  0.5550  0.4856
y_nat_starr    0.8500  0.7225  0.6141  0.5220  0.4437
g_gap_starr    0.8618  0.7126  0.5700  0.4427  0.3335
g_nat_starr    0.8500  0.7225  0.6141  0.5220  0.4437
c_gap_starr    0.8504  0.7232  0.6150  0.5229  0.4446
c_nat_starr    0.8500  0.7225  0.6141  0.5220  0.4437
pie_starr      0.8433  0.7206  0.6216  0.5398  0.4709
c_F_starr      0.8463  0.7164  0.6066  0.5137  0.4352
c_H_starr      0.8621  0.7422  0.6384  0.5487  0.4713
s_gap          0.8674  0.7509  0.6491  0.5605  0.4835
s_nat          0.8500  0.7225  0.6141  0.5220  0.4437
ii             0.8500  0.7225  0.6141  0.5220  0.4437

Approximated value of unconditional welfare:  0.00000000

Approximated value of conditional welfare:
    - with initial Lagrange multipliers set to 0: 0.00000000
    - with initial Lagrange multipliers set to steady state: 0.00000000

Total computing time : 0h00m04s
Note: warning(s) encountered in MATLAB/Octave code
