Starting Dynare (version 5.0).
Calling Dynare with arguments: none
Starting preprocessing of the model file ...
Ramsey Problem: added 40 Multipliers.
Found 40 equation(s).
Found 83 FOC equation(s) for Ramsey Problem.
Evaluating expressions...done
Computing static model derivatives (order 1).
Computing dynamic model derivatives (order 2).
Computing dynamic model derivatives (order 2).
Computing static model derivatives (order 3).
Processing outputs ...
done
Preprocessing completed.


STEADY-STATE RESULTS:

y_gap         		 0
g_gap         		 0
c_gap         		 0
y_gap_starr   		 0
g_gap_starr   		 0
c_gap_starr   		 0
s_gap         		 0
y_gap_cu      		 0
g_gap_cu      		 0
a             		 0
xi            		 0
a_starr       		 0
xi_starr      		 0
y_nat         		 0
g_nat         		 0
c_nat         		 0
c_H_nat       		 0
c_F_nat       		 0
y_nat_starr   		 0
g_nat_starr   		 0
c_nat_starr   		 0
c_H_nat_starr 		 0
c_F_nat_starr 		 0
s_nat         		 0
y             		 0
pie           		 0
g             		 0
n             		 0
c             		 0
c_H           		 0
c_F           		 0
y_starr       		 0
pie_starr     		 0
g_starr       		 0
n_starr       		 0
c_starr       		 0
c_H_starr     		 0
c_F_starr     		 0
ii            		 0
s             		 0
pie_cu        		 0
y_cu          		 0
g_cu          		 0

MODEL SUMMARY

  Number of variables:         83
  Number of stochastic shocks: 4
  Number of state variables:   8
  Number of jumpers:           11
  Number of static variables:  64


MATRIX OF COVARIANCE OF EXOGENOUS SHOCKS
Variables              eps_a        eps_xi   eps_a_starr  eps_xi_starr
eps_a               0.000000      0.000000      0.000000      0.000000
eps_xi              0.000000      0.000000      0.000000      0.000000
eps_a_starr         0.000000      0.000000      1.000000      0.000000
eps_xi_starr        0.000000      0.000000      0.000000      0.000000

POLICY AND TRANSITION FUNCTIONS
                               y_gap           y_nat           g_gap           g_nat           c_gap           c_nat             pie             c_F             c_H     y_gap_starr     y_nat_starr     g_gap_starr     g_nat_starr     c_gap_starr     c_nat_starr       pie_starr       c_F_starr       c_H_starr        y_gap_cu        g_gap_cu          pie_cu           s_gap           s_nat              ii
a(-1)                      -0.350847        1.014013        0.164211        0.342993       -0.635825        0.832672        0.003737       -0.318793        0.254141        0.350847       -0.542929       -0.164211        0.271465        0.635825       -0.545925       -0.003737        0.032606        0.605540               0               0               0        0.429876        0.143058       -0.092169
a_starr(-1)                 0.350847       -0.542929       -0.164211        0.271465        0.635825       -0.545925       -0.003737        0.605540        0.032606       -0.350847        1.014013        0.164211        0.342993       -0.635825        0.832672        0.003737        0.254141       -0.318793               0               0               0       -0.429876       -0.143058       -0.092169
MULT_12(-1)                 0.083086               0       -0.116233               0        0.105886               0        0.031907        0.086074        0.108087        0.061457               0       -0.094164               0        0.101777               0        0.021145        0.099575        0.121588        0.072272       -0.105198        0.026526        0.022013               0       -0.619201
MULT_13(-1)                 0.043112               0        0.004873               0        0.025779               0        0.020635       -0.000271        0.028673        0.000491               0       -0.013381               0        0.020376               0        0.004378        0.017482        0.046426        0.021801       -0.004254        0.012507        0.028944               0       -0.082137
MULT_14(-1)                 0.061457               0       -0.094164               0        0.101777               0        0.021145        0.121588        0.099575        0.083086               0       -0.116233               0        0.105886               0        0.031907        0.108087        0.086074        0.072272       -0.105198        0.026526       -0.022013               0       -0.619201
MULT_15(-1)                 0.000491               0       -0.013381               0        0.020376               0        0.004378        0.046426        0.017482        0.043112               0        0.004873               0        0.025779               0        0.020635        0.028673       -0.000271        0.021801       -0.004254        0.012507       -0.028944               0       -0.082137
eps_a                      -0.412761        1.192957        0.193189        0.403522       -0.748029        0.979614        0.004397       -0.375050        0.298989        0.412761       -0.638740       -0.193189        0.319370        0.748029       -0.642265       -0.004397        0.038360        0.712399               0               0               0        0.505736        0.168303       -0.108434
eps_a_starr                 0.412761       -0.638740       -0.193189        0.319370        0.748029       -0.642265       -0.004397        0.712399        0.038360       -0.412761        1.192957        0.193189        0.403522       -0.748029        0.979614        0.004397        0.298989       -0.375050               0               0               0       -0.505736       -0.168303       -0.108434
[Warning: Aggregate variance and sum of
variances by shocks differ by more than
0.01 %] 
[> In <a href="matlab:matlab.internal.language.introspective.errorDocCallback('th_autocovariances', 'C:\dynare\5.0\matlab\th_autocovariances.m', 206)" style="font-weight:bold">th_autocovariances</a> (<a href="matlab: opentoline('C:\dynare\5.0\matlab\th_autocovariances.m',206,0)">line 206</a>)
In <a href="matlab:matlab.internal.language.introspective.errorDocCallback('disp_th_moments', 'C:\dynare\5.0\matlab\disp_th_moments.m', 40)" style="font-weight:bold">disp_th_moments</a> (<a href="matlab: opentoline('C:\dynare\5.0\matlab\disp_th_moments.m',40,0)">line 40</a>)
In <a href="matlab:matlab.internal.language.introspective.errorDocCallback('stoch_simul', 'C:\dynare\5.0\matlab\stoch_simul.m', 210)" style="font-weight:bold">stoch_simul</a> (<a href="matlab: opentoline('C:\dynare\5.0\matlab\stoch_simul.m',210,0)">line 210</a>)
In <a href="matlab:matlab.internal.language.introspective.errorDocCallback('MODEL_MAIN.driver', 'C:\Users\33689\Documents\GitHub\Master-Thesis\MAIN\+MODEL_MAIN\driver.m', 788)" style="font-weight:bold">MODEL_MAIN.driver</a> (<a href="matlab: opentoline('C:\Users\33689\Documents\GitHub\Master-Thesis\MAIN\+MODEL_MAIN\driver.m',788,0)">line 788</a>)
In <a href="matlab:matlab.internal.language.introspective.errorDocCallback('dynare', 'C:\dynare\5.0\matlab\dynare.m', 281)" style="font-weight:bold">dynare</a> (<a href="matlab: opentoline('C:\dynare\5.0\matlab\dynare.m',281,0)">line 281</a>)] 


THEORETICAL MOMENTS
VARIABLE            MEAN  STD. DEV.   VARIANCE
y_gap             0.0000     0.6911     0.4776
y_nat             0.0000     1.2125     1.4702
g_gap             0.0000     0.2648     0.0701
g_nat             0.0000     0.6063     0.3676
c_gap             0.0000     1.3970     1.9515
c_nat             0.0000     1.2192     1.4865
pie               0.0000     0.0810     0.0066
c_F               0.0000     1.5622     2.4406
c_H               0.0000     0.0484     0.0023
y_gap_starr       0.0000     0.6911     0.4776
y_nat_starr       0.0000     2.2646     5.1285
g_gap_starr       0.0000     0.2648     0.0701
g_nat_starr       0.0000     0.7660     0.5868
c_gap_starr       0.0000     1.3970     1.9515
c_nat_starr       0.0000     1.8596     3.4582
pie_starr         0.0000     0.0810     0.0066
c_F_starr         0.0000     0.6170     0.3806
c_H_starr         0.0000     0.9285     0.8621
y_gap_cu          0.0000     0.0000     0.0000
g_gap_cu          0.0000     0.0000     0.0000
pie_cu            0.0000     0.0000     0.0000
s_gap             0.0000     1.2272     1.5060
s_nat             0.0000     0.3195     0.1021
ii                0.0000     0.2058     0.0424



VARIANCE DECOMPOSITION (in percent)
                      eps_a        eps_xi   eps_a_starr  eps_xi_starr
y_gap                  0.00          0.00        100.00          0.00
y_nat                  0.00          0.00        100.00          0.00
g_gap                  0.00          0.00        100.00          0.00
g_nat                  0.00          0.00        100.00          0.00
c_gap                  0.00          0.00        100.00          0.00
c_nat                  0.00          0.00        100.00          0.00
pie                    0.00          0.00        100.00          0.00
c_F                    0.00          0.00        100.00          0.00
c_H                    0.00          0.00        100.00          0.00
y_gap_starr            0.00          0.00        100.00          0.00
y_nat_starr            0.00          0.00        100.00          0.00
g_gap_starr            0.00          0.00        100.00          0.00
g_nat_starr            0.00          0.00        100.00          0.00
c_gap_starr            0.00          0.00        100.00          0.00
c_nat_starr            0.00          0.00        100.00          0.00
pie_starr              0.00          0.00        100.00          0.00
c_F_starr              0.00          0.00        100.00          0.00
c_H_starr              0.00          0.00        100.00          0.00
y_gap_cu               0.00          0.00        100.00          0.00
g_gap_cu               0.00          0.00        100.00          0.00
pie_cu                 0.00          0.00        100.00          0.00
s_gap                  0.00          0.00        100.00          0.00
s_nat                  0.00          0.00        100.00          0.00
ii                     0.00          0.00        100.00          0.00



MATRIX OF CORRELATIONS
Variables            y_gap        y_nat        g_gap        g_nat        c_gap        c_nat          pie          c_F          c_H  y_gap_starr  y_nat_starr  g_gap_starr  g_nat_starr  c_gap_starr  c_nat_starr    pie_starr    c_F_starr    c_H_starr        s_gap        s_nat           ii
y_gap               1.0000      -0.9940      -0.6761       0.9940       0.9954      -0.9940      -0.7365       0.9758       0.6034      -1.0000       0.9940       0.6761       0.9940      -0.9954       0.9940       0.7365       0.9844      -0.9563      -0.9597      -0.9940      -0.9940
y_nat              -0.9940       1.0000       0.5962      -1.0000      -0.9999       1.0000       0.8058      -0.9938      -0.5134       0.9940      -1.0000      -0.5962      -1.0000       0.9999      -1.0000      -0.8058      -0.9977       0.9825       0.9846       1.0000       1.0000
g_gap              -0.6761       0.5962       1.0000      -0.5962      -0.6075       0.5962       0.0153      -0.5049      -0.9847       0.6761      -0.5962      -1.0000      -0.5962       0.6075      -0.5962      -0.0153      -0.5417       0.4383       0.4487       0.5962       0.5962
g_nat               0.9940      -1.0000      -0.5962       1.0000       0.9999      -1.0000      -0.8058       0.9938       0.5134      -0.9940       1.0000       0.5962       1.0000      -0.9999       1.0000       0.8058       0.9977      -0.9825      -0.9846      -1.0000      -1.0000
c_gap               0.9954      -0.9999      -0.6075       0.9999       1.0000      -0.9999      -0.7973       0.9921       0.5257      -0.9954       0.9999       0.6075       0.9999      -1.0000       0.9999       0.7973       0.9967      -0.9797      -0.9820      -0.9999      -0.9999
c_nat              -0.9940       1.0000       0.5962      -1.0000      -0.9999       1.0000       0.8058      -0.9938      -0.5134       0.9940      -1.0000      -0.5962      -1.0000       0.9999      -1.0000      -0.8058      -0.9977       0.9825       0.9846       1.0000       1.0000
pie                -0.7365       0.8058       0.0153      -0.8058      -0.7973       0.8058       1.0000      -0.8665       0.0941       0.7365      -0.8058      -0.0153      -0.8058       0.7973      -0.8058      -1.0000      -0.8438       0.9021       0.8969       0.8058       0.8058
c_F                 0.9758      -0.9938      -0.5049       0.9938       0.9921      -0.9938      -0.8665       1.0000       0.4152      -0.9758       0.9938       0.5049       0.9938      -0.9921       0.9938       0.8665       0.9990      -0.9971      -0.9979      -0.9938      -0.9938
c_H                 0.6034      -0.5134      -0.9847       0.5134       0.5257      -0.5134       0.0941       0.4152       1.0000      -0.6034       0.5134       0.9847       0.5134      -0.5257       0.5134      -0.0941       0.4545      -0.3444      -0.3554      -0.5134      -0.5134
y_gap_starr        -1.0000       0.9940       0.6761      -0.9940      -0.9954       0.9940       0.7365      -0.9758      -0.6034       1.0000      -0.9940      -0.6761      -0.9940       0.9954      -0.9940      -0.7365      -0.9844       0.9563       0.9597       0.9940       0.9940
y_nat_starr         0.9940      -1.0000      -0.5962       1.0000       0.9999      -1.0000      -0.8058       0.9938       0.5134      -0.9940       1.0000       0.5962       1.0000      -0.9999       1.0000       0.8058       0.9977      -0.9825      -0.9846      -1.0000      -1.0000
g_gap_starr         0.6761      -0.5962      -1.0000       0.5962       0.6075      -0.5962      -0.0153       0.5049       0.9847      -0.6761       0.5962       1.0000       0.5962      -0.6075       0.5962       0.0153       0.5417      -0.4383      -0.4487      -0.5962      -0.5962
g_nat_starr         0.9940      -1.0000      -0.5962       1.0000       0.9999      -1.0000      -0.8058       0.9938       0.5134      -0.9940       1.0000       0.5962       1.0000      -0.9999       1.0000       0.8058       0.9977      -0.9825      -0.9846      -1.0000      -1.0000
c_gap_starr        -0.9954       0.9999       0.6075      -0.9999      -1.0000       0.9999       0.7973      -0.9921      -0.5257       0.9954      -0.9999      -0.6075      -0.9999       1.0000      -0.9999      -0.7973      -0.9967       0.9797       0.9820       0.9999       0.9999
c_nat_starr         0.9940      -1.0000      -0.5962       1.0000       0.9999      -1.0000      -0.8058       0.9938       0.5134      -0.9940       1.0000       0.5962       1.0000      -0.9999       1.0000       0.8058       0.9977      -0.9825      -0.9846      -1.0000      -1.0000
pie_starr           0.7365      -0.8058      -0.0153       0.8058       0.7973      -0.8058      -1.0000       0.8665      -0.0941      -0.7365       0.8058       0.0153       0.8058      -0.7973       0.8058       1.0000       0.8438      -0.9021      -0.8969      -0.8058      -0.8058
c_F_starr           0.9844      -0.9977      -0.5417       0.9977       0.9967      -0.9977      -0.8438       0.9990       0.4545      -0.9844       0.9977       0.5417       0.9977      -0.9967       0.9977       0.8438       1.0000      -0.9928      -0.9941      -0.9977      -0.9977
c_H_starr          -0.9563       0.9825       0.4383      -0.9825      -0.9797       0.9825       0.9021      -0.9971      -0.3444       0.9563      -0.9825      -0.4383      -0.9825       0.9797      -0.9825      -0.9021      -0.9928       1.0000       0.9999       0.9825       0.9825
s_gap              -0.9597       0.9846       0.4487      -0.9846      -0.9820       0.9846       0.8969      -0.9979      -0.3554       0.9597      -0.9846      -0.4487      -0.9846       0.9820      -0.9846      -0.8969      -0.9941       0.9999       1.0000       0.9846       0.9846
s_nat              -0.9940       1.0000       0.5962      -1.0000      -0.9999       1.0000       0.8058      -0.9938      -0.5134       0.9940      -1.0000      -0.5962      -1.0000       0.9999      -1.0000      -0.8058      -0.9977       0.9825       0.9846       1.0000       1.0000
ii                 -0.9940       1.0000       0.5962      -1.0000      -0.9999       1.0000       0.8058      -0.9938      -0.5134       0.9940      -1.0000      -0.5962      -1.0000       0.9999      -1.0000      -0.8058      -0.9977       0.9825       0.9846       1.0000       1.0000



COEFFICIENTS OF AUTOCORRELATION
Order               1       2       3       4       5
y_gap          0.8018  0.6523  0.5365  0.4449  0.3711
y_nat          0.8500  0.7225  0.6141  0.5220  0.4437
g_gap          0.6596  0.3953  0.2005  0.0633 -0.0290
g_nat          0.8500  0.7225  0.6141  0.5220  0.4437
c_gap          0.8446  0.7141  0.6044  0.5119  0.4338
c_nat          0.8500  0.7225  0.6141  0.5220  0.4437
pie            0.9744  0.9131  0.8346  0.7501  0.6661
c_F            0.8897  0.7838  0.6855  0.5962  0.5164
c_H            0.5712  0.2946  0.1183  0.0084 -0.0576
y_gap_starr    0.8018  0.6523  0.5365  0.4449  0.3711
y_nat_starr    0.8500  0.7225  0.6141  0.5220  0.4437
g_gap_starr    0.6596  0.3953  0.2005  0.0633 -0.0290
g_nat_starr    0.8500  0.7225  0.6141  0.5220  0.4437
c_gap_starr    0.8446  0.7141  0.6044  0.5119  0.4338
c_nat_starr    0.8500  0.7225  0.6141  0.5220  0.4437
pie_starr      0.9744  0.9131  0.8346  0.7501  0.6661
c_F_starr      0.8746  0.7605  0.6584  0.5680  0.4888
c_H_starr      0.9139  0.8211  0.7289  0.6414  0.5607
s_gap          0.9103  0.8157  0.7226  0.6348  0.5542
s_nat          0.8500  0.7225  0.6141  0.5220  0.4437
ii             0.8500  0.7225  0.6141  0.5220  0.4437

Approximated value of unconditional welfare:  0.00000000

Approximated value of conditional welfare:
    - with initial Lagrange multipliers set to 0: 0.00000000
    - with initial Lagrange multipliers set to steady state: 0.00000000

Total computing time : 0h00m04s
Note: warning(s) encountered in MATLAB/Octave code
