Starting Dynare (version 5.0).
Calling Dynare with arguments: none
Starting preprocessing of the model file ...
WARNING: in the 'steady_state_model' block, variable 'n_gap' is not assigned a value
WARNING: in the 'steady_state_model' block, variable 'n_gap_starr' is not assigned a value
Ramsey Problem: added 60 Multipliers.
Found 60 equation(s).
Found 123 FOC equation(s) for Ramsey Problem.
Evaluating expressions...done
Computing static model derivatives (order 1).
Computing dynamic model derivatives (order 2).
Computing dynamic model derivatives (order 2).
Computing static model derivatives (order 3).
Processing outputs ...
done
Preprocessing completed.


STEADY-STATE RESULTS:

y_gap         		 0
g_gap         		 0
c_gap         		 0
f_gap         		 0
n_gap         		 0
ii_gap        		 0
y_gap_starr   		 0
g_gap_starr   		 0
c_gap_starr   		 0
f_gap_starr   		 0
n_gap_starr   		 0
ii_gap_starr  		 0
s_gap         		 0
y_gap_cu      		 0
g_gap_cu      		 0
c_gap_cu      		 0
ii_gap_cu     		 0
a             		 0
a_starr       		 0
y_nat         		 0
g_nat         		 0
c_nat         		 0
n_nat         		 0
c_H_nat       		 0
c_F_nat       		 0
r_nat         		 0
f_nat         		 0
y_nat_starr   		 0
g_nat_starr   		 0
c_nat_starr   		 0
c_H_nat_starr 		 0
c_F_nat_starr 		 0
n_nat_starr   		 0
r_nat_starr   		 0
f_nat_starr   		 0
s_nat         		 0
y_nat_cu      		 0
g_nat_cu      		 0
r_nat_cu      		 0
y             		 0
pie           		 0
g             		 0
n             		 0
c             		 0
c_H           		 0
c_F           		 0
f             		 0
y_starr       		 0
pie_starr     		 0
g_starr       		 0
n_starr       		 0
c_starr       		 0
c_H_starr     		 0
c_F_starr     		 0
f_starr       		 0
ii            		 0
ii_starr      		 0
ii_cu         		 0
s             		 0
pie_cu        		 0
y_cu          		 0
g_cu          		 0
c_cu          		 0

EIGENVALUES:
         Modulus             Real        Imaginary

       1.533e-16       -1.533e-16                0
        3.26e-15        -3.26e-15                0
       1.036e-14        1.036e-14                0
           0.104            0.104                0
          0.5361           0.5361                0
          0.7128           0.7128                0
            0.85             0.85                0
            0.85             0.85                0
             1.2              1.2                0
             1.2              1.2                0
           1.432            1.432                0
           1.903            1.903                0
           9.816            9.816                0
       1.139e+16       -1.139e+16                0
       1.073e+17       -1.073e+17                0
       1.103e+17       -1.103e+17                0
       1.311e+17        1.311e+17                0
       2.677e+17       -2.677e+17                0
        4.13e+18         4.13e+18                0
             Inf              Inf                0


There are 12 eigenvalue(s) larger than 1 in modulus 
for 12 forward-looking variable(s)

The rank condition is verified.


MODEL SUMMARY

  Number of variables:         123
  Number of stochastic shocks: 2
  Number of state variables:   8
  Number of jumpers:           12
  Number of static variables:  105


MATRIX OF COVARIANCE OF EXOGENOUS SHOCKS
Variables            eps_a  eps_a_starr
eps_a             1.000000     0.000000
eps_a_starr       0.000000     1.000000

POLICY AND TRANSITION FUNCTIONS
                               y_gap           g_gap           c_gap           f_gap           n_gap          ii_gap     y_gap_starr     g_gap_starr     c_gap_starr     f_gap_starr     n_gap_starr    ii_gap_starr           s_gap        y_gap_cu        g_gap_cu        c_gap_cu       ii_gap_cu               a         a_starr           y_nat           g_nat           c_nat           n_nat         c_H_nat         c_F_nat           r_nat           f_nat     y_nat_starr     g_nat_starr     c_nat_starr   c_H_nat_starr   c_F_nat_starr     n_nat_starr     r_nat_starr     f_nat_starr           s_nat        y_nat_cu        g_nat_cu        r_nat_cu               y             pie               g               n               c             c_H             c_F               f         y_starr       pie_starr         g_starr         n_starr         c_starr       c_H_starr       c_F_starr         f_starr              ii        ii_starr           ii_cu               s          pie_cu            y_cu            g_cu            c_cu
MULT_21(-1)                 0.028652        0.023356        0.029578       -0.005295        0.028652       -0.067290        0.005561       -0.023356        0.019298       -0.028918        0.005561       -0.067290        0.031150        0.017107               0        0.024438       -0.067290               0               0               0               0               0               0               0               0               0               0               0               0               0               0               0               0               0               0               0               0               0               0        0.028652        0.054196        0.023356        0.028652        0.029578        0.030279       -0.109897       -0.005295        0.005561        0.002966       -0.023356        0.005561        0.019298        0.158772        0.018597       -0.028918       -0.067290       -0.067290       -0.067290        0.031150        0.028581        0.017107               0        0.024438
MULT_22(-1)                -0.001283       -0.016512        0.006319       -0.015230       -0.001283       -0.022026        0.015886        0.016512        0.014543        0.000626        0.015886       -0.022026       -0.024920        0.007302               0        0.010431       -0.022026               0               0               0               0               0               0               0               0               0               0               0               0               0               0               0               0               0               0               0               0               0               0       -0.001283        0.002966       -0.016512       -0.001283        0.006319        0.005758        0.117899       -0.015230        0.015886        0.009322        0.016512        0.015886        0.014543       -0.097037        0.015104        0.000626       -0.022026       -0.022026       -0.022026       -0.024920        0.006144        0.007302               0        0.010431
MULT_23(-1)                -0.004198       -0.123079        0.046289       -0.118881       -0.004198       -0.183548        0.014791       -0.049377        0.042753       -0.064167        0.014791       -0.183548        0.010714        0.005296       -0.086228        0.044521       -0.183548               0               0               0               0               0               0               0               0               0               0               0               0               0               0               0               0               0               0               0               0               0               0       -0.004198        0.037836       -0.123079       -0.004198        0.046289        0.046530       -0.001683       -0.118881        0.014791        0.005764       -0.049377        0.014791        0.042753        0.090725        0.042512       -0.064167       -0.183548       -0.183548       -0.183548        0.010714        0.021800        0.005296       -0.086228        0.044521
MULT_24(-1)                -0.002210       -0.094104        0.039392       -0.091894       -0.002210       -0.193574        0.017501       -0.078352        0.056363       -0.095853        0.017501       -0.193574       -0.051428        0.007646       -0.086228        0.047877       -0.193574               0               0               0               0               0               0               0               0               0               0               0               0               0               0               0               0               0               0               0               0               0               0       -0.002210        0.016052       -0.094104       -0.002210        0.039392        0.038234        0.269659       -0.091894        0.017501        0.014035       -0.078352        0.017501        0.056363       -0.173905        0.057520       -0.095853       -0.193574       -0.193574       -0.193574       -0.051428        0.015044        0.007646       -0.086228        0.047877
a(-1)                       0.006813        0.137602       -0.035181        0.130789        0.006813        0.056050        0.019236       -0.137602        0.072394       -0.156838        0.019236       -0.104188       -0.325984        0.013025               0        0.018607       -0.024069        0.850000               0        0.611523        1.088477        0.361045       -0.238477        0.385081       -4.422083       -0.163272        0.476954       -0.020219        0.020219        0.008520        4.791648       -0.015516       -0.020219       -0.003033        0.040437        1.068259        0.295652        0.554348       -0.083152        0.618336       -0.024069        1.226079       -0.231664        0.325864        0.342566       -2.997669        0.607743       -0.000983        0.019728       -0.117383       -0.000983        0.080914        3.404447        0.064213       -0.116401       -0.107221       -0.107221       -0.107221        0.742274       -0.002171        0.308677        0.554348        0.203389
a_starr(-1)                -0.006813       -0.137602        0.035181       -0.130789       -0.006813       -0.056050       -0.019236        0.137602       -0.072394        0.156838       -0.019236        0.104188        0.325984       -0.013025               0       -0.018607        0.024069               0        0.850000       -0.020219        0.020219        0.008520       -0.020219       -0.015516        4.791648       -0.003033        0.040437        0.611523        1.088477        0.361045       -4.422083        0.385081       -0.238477       -0.163272        0.476954       -1.068259        0.295652        0.554348       -0.083152       -0.027032        0.024069       -0.117383       -0.027032        0.043701        0.027000        3.367234       -0.090352        0.592287       -0.019728        1.226079       -0.257713        0.288651       -3.034882        0.305352        0.633792       -0.059083       -0.059083       -0.059083       -0.742274        0.002171        0.282628        0.554348        0.166176
eps_a                      -0.008016       -0.161885        0.041389       -0.153869       -0.008016       -0.065942       -0.022630        0.161885       -0.085169        0.184515       -0.022630        0.122575        0.383511       -0.015323               0       -0.021890        0.028317       -1.000000               0       -0.719439       -1.280561       -0.424759        0.280561       -0.453037        5.202450        0.192084       -0.561123        0.023787       -0.023787       -0.010023       -5.637233        0.018254        0.023787        0.003568       -0.047573       -1.256775       -0.347826       -0.652174        0.097826       -0.727454        0.028317       -1.442446        0.272546       -0.383370       -0.403018        3.526669       -0.714992        0.001156       -0.023209        0.138098        0.001156       -0.095193       -4.005232       -0.075544        0.136942        0.126143        0.126143        0.126143       -0.873264        0.002554       -0.363149       -0.652174       -0.239281
eps_a_starr                 0.008016        0.161885       -0.041389        0.153869        0.008016        0.065942        0.022630       -0.161885        0.085169       -0.184515        0.022630       -0.122575       -0.383511        0.015323               0        0.021890       -0.028317               0       -1.000000        0.023787       -0.023787       -0.010023        0.023787        0.018254       -5.637233        0.003568       -0.047573       -0.719439       -1.280561       -0.424759        5.202450       -0.453037        0.280561        0.192084       -0.561123        1.256775       -0.347826       -0.652174        0.097826        0.031802       -0.028317        0.138098        0.031802       -0.051413       -0.031764       -3.961451        0.106296       -0.696808        0.023209       -1.442446        0.303192       -0.339590        3.570449       -0.359238       -0.745638        0.069510        0.069510        0.069510        0.873264       -0.002554       -0.332503       -0.652174       -0.195501


THEORETICAL MOMENTS
VARIABLE              MEAN  STD. DEV.   VARIANCE
y_gap               0.0000     0.0536     0.0029
g_gap               0.0000     0.4038     0.1631
c_gap               0.0000     0.0784     0.0061
f_gap               0.0000     0.3552     0.1262
n_gap               0.0000     0.0536     0.0029
ii_gap              0.0000     0.2874     0.0826
y_gap_starr         0.0000     0.0532     0.0028
g_gap_starr         0.0000     0.4038     0.1631
c_gap_starr         0.0000     0.1439     0.0207
f_gap_starr         0.0000     0.3953     0.1563
n_gap_starr         0.0000     0.0532     0.0028
ii_gap_starr        0.0000     0.2477     0.0614
s_gap               0.0000     0.6703     0.4493
y_gap_cu            0.0000     0.0242     0.0006
g_gap_cu            0.0000     0.0000     0.0000
c_gap_cu            0.0000     0.0346     0.0012
ii_gap_cu           0.0000     0.0890     0.0079
a                   0.0000     1.8983     3.6036
a_starr             0.0000     1.8983     3.6036
y_nat               0.0000     1.3665     1.8672
g_nat               0.0000     2.4313     5.9114
c_nat               0.0000     0.8066     0.6505
n_nat               0.0000     0.5345     0.2857
c_H_nat             0.0000     0.8607     0.7408
c_F_nat             0.0000    14.5619   212.0500
r_nat               0.0000     0.3647     0.1330
f_nat               0.0000     1.0690     1.1428
y_nat_starr         0.0000     1.3665     1.8672
g_nat_starr         0.0000     2.4313     5.9114
c_nat_starr         0.0000     0.8066     0.6505
c_H_nat_starr       0.0000    14.5619   212.0500
c_F_nat_starr       0.0000     0.8607     0.7408
n_nat_starr         0.0000     0.5345     0.2857
r_nat_starr         0.0000     0.3647     0.1330
f_nat_starr         0.0000     1.0690     1.1428
s_nat               0.0000     3.3740    11.3837
y_nat_cu            0.0000     0.9338     0.8719
g_nat_cu            0.0000     1.7508     3.0654
r_nat_cu            0.0000     0.2626     0.0690
y                   0.0000     1.3843     1.9162
pie                 0.0000     0.2322     0.0539
g                   0.0000     2.6168     6.8476
n                   0.0000     0.5221     0.2726
c                   0.0000     0.7771     0.6039
c_H                 0.0000     0.8233     0.6778
c_F                 0.0000    12.9664   168.1272
f                   0.0000     1.2462     1.5530
y_starr             0.0000     1.3631     1.8580
pie_starr           0.0000     0.0728     0.0053
g_starr             0.0000     2.6168     6.8476
n_starr             0.0000     0.5410     0.2927
c_starr             0.0000     0.7564     0.5721
c_H_starr           0.0000    12.9984   168.9584
c_F_starr           0.0000     0.8011     0.6417
f_starr             0.0000     1.2741     1.6233
ii                  0.0000     0.2773     0.0769
ii_starr            0.0000     0.2773     0.0769
ii_cu               0.0000     0.2773     0.0769
s                   0.0000     3.0074     9.0442
pie_cu              0.0000     0.0827     0.0068
y_cu                0.0000     0.9341     0.8725
g_cu                0.0000     1.7508     3.0654
c_cu                0.0000     0.5846     0.3418



VARIANCE DECOMPOSITION (in percent)
                       eps_a  eps_a_starr
y_gap                  50.00        50.00
g_gap                  50.00        50.00
c_gap                  50.00        50.00
f_gap                  50.00        50.00
n_gap                  50.00        50.00
ii_gap                 50.00        50.00
y_gap_starr            50.00        50.00
g_gap_starr            50.00        50.00
c_gap_starr            50.00        50.00
f_gap_starr            50.00        50.00
n_gap_starr            50.00        50.00
ii_gap_starr           50.00        50.00
s_gap                  50.00        50.00
y_gap_cu               50.00        50.00
g_gap_cu                0.00       100.00
c_gap_cu               50.00        50.00
ii_gap_cu              50.00        50.00
a                     100.00         0.00
a_starr                 0.00       100.00
y_nat                  99.89         0.11
g_nat                  99.97         0.03
c_nat                  99.94         0.06
n_nat                  99.29         0.71
c_H_nat                99.84         0.16
c_F_nat                46.00        54.00
r_nat                  99.97         0.03
f_nat                  99.29         0.71
y_nat_starr             0.11        99.89
g_nat_starr             0.03        99.97
c_nat_starr             0.06        99.94
c_H_nat_starr          54.00        46.00
c_F_nat_starr           0.16        99.84
n_nat_starr             0.71        99.29
r_nat_starr             0.03        99.97
f_nat_starr             0.71        99.29
s_nat                  50.00        50.00
y_nat_cu               50.00        50.00
g_nat_cu               50.00        50.00
r_nat_cu               50.00        50.00
y                      99.74         0.26
pie                    50.00        50.00
g                      98.99         1.01
n                      98.18         1.82
c                      99.22         0.78
c_H                    99.59         0.41
c_F                    45.58        54.42
f                      97.11         2.89
y_starr                 0.17        99.83
pie_starr              50.00        50.00
g_starr                 1.01        98.99
n_starr                 1.05        98.95
c_starr                 2.29        97.71
c_H_starr              54.42        45.58
c_F_starr               1.41        98.59
f_starr                 3.47        96.53
ii                     42.84        57.16
ii_starr               42.84        57.16
ii_cu                  42.84        57.16
s                      50.00        50.00
pie_cu                 50.00        50.00
y_cu                   51.56        48.44
g_cu                   50.00        50.00
c_cu                   53.56        46.44



MATRIX OF CORRELATIONS
Variables                y_gap          g_gap          c_gap          f_gap          n_gap         ii_gap    y_gap_starr    g_gap_starr    c_gap_starr    f_gap_starr    n_gap_starr   ii_gap_starr          s_gap       y_gap_cu       c_gap_cu      ii_gap_cu              a        a_starr          y_nat          g_nat          c_nat          n_nat        c_H_nat        c_F_nat          r_nat          f_nat    y_nat_starr    g_nat_starr    c_nat_starr  c_H_nat_starr  c_F_nat_starr    n_nat_starr    r_nat_starr    f_nat_starr          s_nat       y_nat_cu       g_nat_cu       r_nat_cu              y            pie              g              n              c            c_H            c_F              f        y_starr      pie_starr        g_starr        n_starr        c_starr      c_H_starr      c_F_starr        f_starr             ii       ii_starr          ii_cu              s         pie_cu           y_cu           g_cu           c_cu
y_gap                   1.0000         0.9184        -0.7908         0.8931         1.0000         0.2433        -0.5882        -0.9184         0.6521        -0.8589        -0.5882        -0.5991        -0.7046         0.4600         0.4600        -0.4407         0.3050        -0.3050         0.3149         0.2993         0.2977        -0.2781         0.3170        -0.4310        -0.2993         0.2781        -0.3149        -0.2993        -0.2977         0.4310        -0.3170         0.2781         0.2993        -0.2781         0.4313         0.0000         0.0000         0.0000         0.3496        -0.1969         0.4198        -0.1821         0.2292         0.2432        -0.3257         0.4932        -0.3386         0.1611        -0.4198         0.2169        -0.1934         0.3273        -0.2102        -0.4999        -0.1415        -0.1415        -0.1415         0.3269        -0.2055         0.0119         0.0000         0.0272
g_gap                   0.9184         1.0000        -0.9684         0.9982         0.9184         0.3208        -0.2235        -1.0000         0.8981        -0.9914        -0.2235        -0.7874        -0.9276         0.7701         0.7701        -0.5775         0.4013        -0.4013         0.4143         0.3938         0.3917        -0.3660         0.4171        -0.5671        -0.3938         0.3660        -0.4143        -0.3938        -0.3917         0.5671        -0.4171         0.3660         0.3938        -0.3660         0.5675         0.0000         0.0000         0.0000         0.4446        -0.2513         0.5202        -0.2804         0.3088         0.3269        -0.4280         0.5985        -0.4241         0.3427        -0.5202         0.3396        -0.2468         0.4310        -0.2694        -0.6147        -0.1854        -0.1854        -0.1854         0.4300        -0.2020         0.0200         0.0000         0.0456
c_gap                  -0.7908        -0.9684         1.0000        -0.9815        -0.7908        -0.3410        -0.0233         0.9684        -0.9778         0.9923        -0.0233         0.8388         0.9906        -0.9000        -0.9000         0.6165        -0.4272         0.4272        -0.4411        -0.4192        -0.4170         0.3896        -0.4440         0.6036         0.4192        -0.3896         0.4411         0.4192         0.4170        -0.6036         0.4440        -0.3896        -0.4192         0.3896        -0.6041         0.0000         0.0000         0.0000        -0.4660         0.2671        -0.5389         0.3176        -0.3319        -0.3508         0.4547        -0.6140         0.4412        -0.4300         0.5389        -0.3872         0.2586        -0.4583         0.2828         0.6348         0.1980         0.1980         0.1980        -0.4570         0.1857        -0.0234         0.0000        -0.0533
f_gap                   0.8931         0.9982        -0.9815         1.0000         0.8931         0.3280        -0.1653        -0.9982         0.9225        -0.9974        -0.1653        -0.8047        -0.9482         0.8061         0.8061        -0.5900         0.4102        -0.4102         0.4235         0.4025         0.4004        -0.3741         0.4264        -0.5796        -0.4025         0.3741        -0.4235        -0.4025        -0.4004         0.5796        -0.4264         0.3741         0.4025        -0.3741         0.5801         0.0000         0.0000         0.0000         0.4526        -0.2560         0.5280        -0.2912         0.3165         0.3349        -0.4374         0.6059        -0.4310         0.3652        -0.5280         0.3533        -0.2514         0.4406        -0.2745        -0.6233        -0.1895        -0.1895        -0.1895         0.4395        -0.1986         0.0209         0.0000         0.0477
n_gap                   1.0000         0.9184        -0.7908         0.8931         1.0000         0.2433        -0.5882        -0.9184         0.6521        -0.8589        -0.5882        -0.5991        -0.7046         0.4600         0.4600        -0.4407         0.3050        -0.3050         0.3149         0.2993         0.2977        -0.2781         0.3170        -0.4310        -0.2993         0.2781        -0.3149        -0.2993        -0.2977         0.4310        -0.3170         0.2781         0.2993        -0.2781         0.4313         0.0000         0.0000         0.0000         0.3496        -0.1969         0.4198        -0.1821         0.2292         0.2432        -0.3257         0.4932        -0.3386         0.1611        -0.4198         0.2169        -0.1934         0.3273        -0.2102        -0.4999        -0.1415        -0.1415        -0.1415         0.3269        -0.2055         0.0119         0.0000         0.0272
ii_gap                  0.2433         0.3208        -0.3410         0.3280         0.2433         1.0000         0.0742        -0.3208         0.3544        -0.3377         0.0742        -0.7882        -0.3514         0.3505         0.3505         0.5172         0.6743        -0.6743         0.6962         0.6616         0.6582        -0.6149         0.7009        -0.9528        -0.6616         0.6149        -0.6962        -0.6616        -0.6582         0.9528        -0.7009         0.6149         0.6616        -0.6149         0.9536         0.0000         0.0000         0.0000         0.6966         0.8126         0.6642        -0.6045         0.6487         0.6938        -0.9908         0.6210        -0.6950        -0.6417        -0.6642         0.6148        -0.6344         0.9902        -0.6828        -0.6207         0.1661         0.1661         0.1661         0.9915         0.8584         0.0091         0.0000         0.0208
y_gap_starr            -0.5882        -0.2235        -0.0233        -0.1653        -0.5882         0.0742         1.0000         0.2235         0.2280         0.0937         1.0000        -0.1456        -0.1566         0.4476         0.4476        -0.0827         0.0802        -0.0802         0.0828         0.0787         0.0783        -0.0731         0.0834        -0.1133        -0.0787         0.0731        -0.0828        -0.0787        -0.0783         0.1133        -0.0834         0.0731         0.0787        -0.0731         0.1134         0.0000         0.0000         0.0000         0.0590        -0.0034         0.0386        -0.1352         0.0789         0.0820        -0.0911         0.0156        -0.0440         0.2845        -0.0386         0.1706        -0.0401         0.0933        -0.0456        -0.0323        -0.0265        -0.0265        -0.0265         0.0923         0.1204         0.0116         0.0000         0.0265
g_gap_starr            -0.9184        -1.0000         0.9684        -0.9982        -0.9184        -0.3208         0.2235         1.0000        -0.8981         0.9914         0.2235         0.7874         0.9276        -0.7701        -0.7701         0.5775        -0.4013         0.4013        -0.4143        -0.3938        -0.3917         0.3660        -0.4171         0.5671         0.3938        -0.3660         0.4143         0.3938         0.3917        -0.5671         0.4171        -0.3660        -0.3938         0.3660        -0.5675         0.0000         0.0000         0.0000        -0.4446         0.2513        -0.5202         0.2804        -0.3088        -0.3269         0.4280        -0.5985         0.4241        -0.3427         0.5202        -0.3396         0.2468        -0.4310         0.2694         0.6147         0.1854         0.1854         0.1854        -0.4300         0.2020        -0.0200         0.0000        -0.0456
c_gap_starr             0.6521         0.8981        -0.9778         0.9225         0.6521         0.3544         0.2280        -0.8981         1.0000        -0.9480         0.2280        -0.8525        -0.9972         0.9714         0.9714        -0.6139         0.4373        -0.4373         0.4515         0.4291         0.4269        -0.3988         0.4546        -0.6180        -0.4291         0.3988        -0.4515        -0.4291        -0.4269         0.6180        -0.4546         0.3988         0.4291        -0.3988         0.6185         0.0000         0.0000         0.0000         0.4710        -0.2520         0.5373        -0.3413         0.3444         0.3638        -0.4691         0.6051        -0.4437         0.4703        -0.5373         0.4165        -0.2649         0.4731        -0.2900        -0.6288        -0.1971        -0.1971        -0.1971         0.4716        -0.1468         0.0252         0.0000         0.0575
f_gap_starr            -0.8589        -0.9914         0.9923        -0.9974        -0.8589        -0.3377         0.0937         0.9914        -0.9480         1.0000         0.0937         0.8239         0.9686        -0.8469        -0.8469         0.6010        -0.4207         0.4207        -0.4344        -0.4128        -0.4107         0.3837        -0.4373         0.5945         0.4128        -0.3837         0.4344         0.4128         0.4107        -0.5945         0.4373        -0.3837        -0.4128         0.3837        -0.5950         0.0000         0.0000         0.0000        -0.4620         0.2572        -0.5365         0.3046        -0.3261        -0.3449         0.4494        -0.6134         0.4391        -0.3883         0.5365        -0.3698         0.2575        -0.4528         0.2813         0.6322         0.1930         0.1930         0.1930        -0.4516         0.1901        -0.0220         0.0000        -0.0502
n_gap_starr            -0.5882        -0.2235        -0.0233        -0.1653        -0.5882         0.0742         1.0000         0.2235         0.2280         0.0937         1.0000        -0.1456        -0.1566         0.4476         0.4476        -0.0827         0.0802        -0.0802         0.0828         0.0787         0.0783        -0.0731         0.0834        -0.1133        -0.0787         0.0731        -0.0828        -0.0787        -0.0783         0.1133        -0.0834         0.0731         0.0787        -0.0731         0.1134         0.0000         0.0000         0.0000         0.0590        -0.0034         0.0386        -0.1352         0.0789         0.0820        -0.0911         0.0156        -0.0440         0.2845        -0.0386         0.1706        -0.0401         0.0933        -0.0456        -0.0323        -0.0265        -0.0265        -0.0265         0.0923         0.1204         0.0116         0.0000         0.0265
ii_gap_starr           -0.5991        -0.7874         0.8388        -0.8047        -0.5991        -0.7882        -0.1456         0.7874        -0.8525         0.8239        -0.1456         1.0000         0.8520        -0.8222        -0.8222         0.1190        -0.6625         0.6625        -0.6841        -0.6501        -0.6467         0.6042        -0.6887         0.9362         0.6501        -0.6042         0.6841         0.6501         0.6467        -0.9362         0.6887        -0.6042        -0.6501         0.6042        -0.9370         0.0000         0.0000         0.0000        -0.6985        -0.2850        -0.7255         0.5570        -0.5866        -0.6245         0.8593        -0.7477         0.6801         0.0573         0.7255        -0.6113         0.5274        -0.8615         0.5707         0.7626         0.0382         0.0382         0.0382        -0.8613        -0.3749        -0.0213         0.0000        -0.0487
s_gap                  -0.7046        -0.9276         0.9906        -0.9482        -0.7046        -0.3514        -0.1566         0.9276        -0.9972         0.9686        -0.1566         0.8520         1.0000        -0.9511        -0.9511         0.6180        -0.4360         0.4360        -0.4501        -0.4278        -0.4256         0.3976        -0.4532         0.6161         0.4278        -0.3976         0.4501         0.4278         0.4256        -0.6161         0.4532        -0.3976        -0.4278         0.3976        -0.6165         0.0000         0.0000         0.0000        -0.4716         0.2587        -0.5406         0.3347        -0.3417        -0.3611         0.4664        -0.6113         0.4451        -0.4584         0.5406        -0.4082         0.2640        -0.4703         0.2889         0.6341         0.1984         0.1984         0.1984        -0.4688         0.1614        -0.0247         0.0000        -0.0563
y_gap_cu                0.4600         0.7701        -0.9000         0.8061         0.4600         0.3505         0.4476        -0.7701         0.9714        -0.8469         0.4476        -0.8222        -0.9511         1.0000         1.0000        -0.5780         0.4253        -0.4253         0.4391         0.4173         0.4151        -0.3878         0.4421        -0.6010        -0.4173         0.3878        -0.4391        -0.4173        -0.4151         0.6010        -0.4421         0.3878         0.4173        -0.3878         0.6014         0.0000         0.0000         0.0000         0.4513        -0.2215         0.5066        -0.3498         0.3400         0.3590        -0.4602         0.5624        -0.4227         0.4906        -0.5066         0.4272        -0.2578         0.4644        -0.2825        -0.5882        -0.1856        -0.1856        -0.1856         0.4628        -0.0950         0.0259         0.0000         0.0592
c_gap_cu                0.4600         0.7701        -0.9000         0.8061         0.4600         0.3505         0.4476        -0.7701         0.9714        -0.8469         0.4476        -0.8222        -0.9511         1.0000         1.0000        -0.5780         0.4253        -0.4253         0.4391         0.4173         0.4151        -0.3878         0.4421        -0.6010        -0.4173         0.3878        -0.4391        -0.4173        -0.4151         0.6010        -0.4421         0.3878         0.4173        -0.3878         0.6014         0.0000         0.0000         0.0000         0.4513        -0.2215         0.5066        -0.3498         0.3400         0.3590        -0.4602         0.5624        -0.4227         0.4906        -0.5066         0.4272        -0.2578         0.4644        -0.2825        -0.5882        -0.1856        -0.1856        -0.1856         0.4628        -0.0950         0.0259         0.0000         0.0592
ii_gap_cu              -0.4407        -0.5775         0.6165        -0.5900        -0.4407         0.5172        -0.0827         0.5775        -0.6139         0.6010        -0.0827         0.1190         0.6180        -0.5780        -0.5780         1.0000         0.1665        -0.1665         0.1719         0.1633         0.1625        -0.1518         0.1730        -0.2352        -0.1633         0.1518        -0.1719        -0.1633        -0.1625         0.2352        -0.1730         0.1518         0.1633        -0.1518         0.2354         0.0000         0.0000         0.0000         0.1526         0.9148         0.0626        -0.2006         0.2308         0.2509        -0.4035        -0.0380        -0.1755        -0.9556        -0.0626         0.1418        -0.2901         0.3994        -0.3078         0.0591         0.3211         0.3211         0.3211         0.4018         0.8637        -0.0150         0.0000        -0.0342
a                       0.3050         0.4013        -0.4272         0.4102         0.3050         0.6743         0.0802        -0.4013         0.4373        -0.4207         0.0802        -0.6625        -0.4360         0.4253         0.4253         0.1665         1.0000         0.0000         0.9995         0.9998         0.9997        -0.9964         0.9992        -0.6782        -0.9998         0.9964        -0.0330         0.0186         0.0236         0.7349        -0.0403        -0.0845        -0.0186         0.0845         0.7071         0.7071         0.7071        -0.7071         0.9984         0.4249         0.9909        -0.9887         0.9945         0.9959        -0.6633         0.9717        -0.0300        -0.2775        -0.0447        -0.0756         0.1084         0.7275         0.0435        -0.0597        -0.6162        -0.6162        -0.6162         0.6961         0.4744         0.7179         0.7071         0.7311
a_starr                -0.3050        -0.4013         0.4272        -0.4102        -0.3050        -0.6743        -0.0802         0.4013        -0.4373         0.4207        -0.0802         0.6625         0.4360        -0.4253        -0.4253        -0.1665         0.0000         1.0000        -0.0330         0.0186         0.0236        -0.0845        -0.0403         0.7349        -0.0186         0.0845         0.9995         0.9998         0.9997        -0.6782         0.9992        -0.9964        -0.9998         0.9964        -0.7071         0.7071         0.7071        -0.7071        -0.0444        -0.4249        -0.0447        -0.1178         0.0676         0.0066         0.7270        -0.0444         0.9988         0.2775         0.9909        -0.9923         0.9828        -0.6640         0.9868         0.9666        -0.7231        -0.7231        -0.7231        -0.6961        -0.4744         0.6958         0.7071         0.6807
y_nat                   0.3149         0.4143        -0.4411         0.4235         0.3149         0.6962         0.0828        -0.4143         0.4515        -0.4344         0.0828        -0.6841        -0.4501         0.4391         0.4391         0.1719         0.9995        -0.0330         1.0000         0.9987         0.9984        -0.9931         1.0000        -0.7021        -0.9987         0.9931        -0.0661        -0.0145        -0.0095         0.7569        -0.0733        -0.0515         0.0145         0.0515         0.7301         0.6834         0.6834        -0.6834         0.9993         0.4387         0.9918        -0.9843         0.9917         0.9951        -0.6870         0.9726        -0.0630        -0.2865        -0.0774        -0.0427         0.0758         0.7490         0.0109        -0.0916        -0.5920        -0.5920        -0.5920         0.7188         0.4898         0.6945         0.6834         0.7082
g_nat                   0.2993         0.3938        -0.4192         0.4025         0.2993         0.6616         0.0787        -0.3938         0.4291        -0.4128         0.0787        -0.6501        -0.4278         0.4173         0.4173         0.1633         0.9998         0.0186         0.9987         1.0000         1.0000        -0.9978         0.9983        -0.6644        -1.0000         0.9978        -0.0145         0.0371         0.0422         0.7222        -0.0217        -0.1030        -0.0371         0.1030         0.6939         0.7201         0.7201        -0.7201         0.9974         0.4169         0.9899        -0.9907         0.9956         0.9959        -0.6497         0.9707        -0.0114        -0.2723        -0.0263        -0.0940         0.1266         0.7150         0.0618        -0.0417        -0.6295        -0.6295        -0.6295         0.6831         0.4655         0.7307         0.7201         0.7436
c_nat                   0.2977         0.3917        -0.4170         0.4004         0.2977         0.6582         0.0783        -0.3917         0.4269        -0.4107         0.0783        -0.6467        -0.4256         0.4151         0.4151         0.1625         0.9997         0.0236         0.9984         1.0000         1.0000        -0.9981         0.9980        -0.6607        -1.0000         0.9981        -0.0095         0.0422         0.0472         0.7187        -0.0167        -0.1080        -0.0422         0.1080         0.6902         0.7236         0.7236        -0.7236         0.9971         0.4147         0.9896        -0.9912         0.9958         0.9958        -0.6460         0.9703        -0.0064        -0.2709        -0.0213        -0.0990         0.1315         0.7116         0.0668        -0.0368        -0.6331        -0.6331        -0.6331         0.6795         0.4630         0.7341         0.7236         0.7469
