Starting Dynare (version 5.0).
Calling Dynare with arguments: none
Starting preprocessing of the model file ...
Ramsey Problem: added 40 Multipliers.
Found 40 equation(s).
Found 83 FOC equation(s) for Ramsey Problem.
Evaluating expressions...done
Computing static model derivatives (order 1).
Computing dynamic model derivatives (order 2).
Computing dynamic model derivatives (order 2).
Computing static model derivatives (order 3).
Processing outputs ...
done
Preprocessing completed.


STEADY-STATE RESULTS:

y_gap         		 0
g_gap         		 0
c_gap         		 0
y_gap_starr   		 0
g_gap_starr   		 0
c_gap_starr   		 0
s_gap         		 0
y_gap_cu      		 0
g_gap_cu      		 0
a             		 0
xi            		 0
a_starr       		 0
xi_starr      		 0
y_nat         		 0
g_nat         		 0
c_nat         		 0
c_H_nat       		 0
c_F_nat       		 0
y_nat_starr   		 0
g_nat_starr   		 0
c_nat_starr   		 0
c_H_nat_starr 		 0
c_F_nat_starr 		 0
s_nat         		 0
y             		 0
pie           		 0
g             		 0
n             		 0
c             		 0
c_H           		 0
c_F           		 0
y_starr       		 0
pie_starr     		 0
g_starr       		 0
n_starr       		 0
c_starr       		 0
c_H_starr     		 0
c_F_starr     		 0
ii            		 0
s             		 0
pie_cu        		 0
y_cu          		 0
g_cu          		 0

MODEL SUMMARY

  Number of variables:         83
  Number of stochastic shocks: 4
  Number of state variables:   8
  Number of jumpers:           11
  Number of static variables:  64


MATRIX OF COVARIANCE OF EXOGENOUS SHOCKS
Variables              eps_a        eps_xi   eps_a_starr  eps_xi_starr
eps_a               0.000000      0.000000      0.000000      0.000000
eps_xi              0.000000      0.000000      0.000000      0.000000
eps_a_starr         0.000000      0.000000      1.000000      0.000000
eps_xi_starr        0.000000      0.000000      0.000000      0.000000

POLICY AND TRANSITION FUNCTIONS
                               y_gap           y_nat           g_gap           g_nat           c_gap           c_nat             pie             c_F             c_H     y_gap_starr     y_nat_starr     g_gap_starr     g_nat_starr     c_gap_starr     c_nat_starr       pie_starr       c_F_starr       c_H_starr        y_gap_cu        g_gap_cu          pie_cu           s_gap           s_nat              ii
a(-1)                      -0.368226        1.047047        0.192615        0.652953       -0.566971        0.901221        0.029268       -0.178074        0.366951        0.266040       -0.533094       -0.331164        0.533094        0.712040       -0.501329        0.010854        0.134407        0.679431       -0.177946        0.035482        0.023744        0.425165        0.119859       -0.289470
a_starr(-1)                 0.368226       -0.533094       -0.192615        0.533094        0.566971       -0.565174       -0.029268        0.514120       -0.030904       -0.266040        1.047047        0.331164        0.652953       -0.712040        0.837376       -0.010854        0.201639       -0.343385        0.177946       -0.035482       -0.023744       -0.425165       -0.119859        0.111563
MULT_12(-1)                 0.093025               0       -0.236627               0        0.121669               0        0.030014        0.105553        0.122698        0.072101               0       -0.197999               0        0.117783               0        0.020983        0.115383        0.132528        0.086748       -0.225039        0.027305        0.017146               0       -0.573162
MULT_13(-1)                 0.032892               0        0.002109               0        0.024776               0        0.015198        0.006424        0.025947       -0.000857               0       -0.020053               0        0.020350               0        0.003485        0.017617        0.037141        0.022767       -0.004540        0.011684        0.019524               0       -0.063270
MULT_14(-1)                 0.072101               0       -0.197999               0        0.117783               0        0.020983        0.155389        0.115383        0.120924               0       -0.288131               0        0.126851               0        0.042056        0.132452        0.092446        0.086748       -0.225039        0.027305       -0.040006               0       -0.573162
MULT_15(-1)                -0.000857               0       -0.020053               0        0.020350               0        0.003485        0.063173        0.017617        0.077890               0        0.031657               0        0.030676               0        0.030816        0.037054       -0.008501        0.022767       -0.004540        0.011684       -0.045555               0       -0.063270
eps_a                      -0.433207        1.231820        0.226606        0.768180       -0.667025        1.060260        0.034433       -0.209498        0.431707        0.312989       -0.627169       -0.389604        0.627169        0.837694       -0.589799        0.012769        0.158126        0.799331       -0.209348        0.041743        0.027934        0.500194        0.141011       -0.340553
eps_a_starr                 0.433207       -0.627169       -0.226606        0.627169        0.667025       -0.664911       -0.034433        0.604847       -0.036358       -0.312989        1.231820        0.389604        0.768180       -0.837694        0.985148       -0.012769        0.237223       -0.403982        0.209348       -0.041743       -0.027934       -0.500194       -0.141011        0.131251


THEORETICAL MOMENTS
VARIABLE            MEAN  STD. DEV.   VARIANCE
y_gap             0.0000     0.8532     0.7279
y_nat             0.0000     1.1906     1.4174
g_gap             0.0000     0.3016     0.0909
g_nat             0.0000     1.1906     1.4174
c_gap             0.0000     1.3406     1.7971
c_nat             0.0000     1.2622     1.5932
pie               0.0000     0.0528     0.0028
c_F               0.0000     1.4219     2.0219
c_H               0.0000     0.0398     0.0016
y_gap_starr       0.0000     0.4114     0.1692
y_nat_starr       0.0000     2.3384     5.4680
g_gap_starr       0.0000     0.5879     0.3456
g_nat_starr       0.0000     1.4582     2.1265
c_gap_starr       0.0000     1.4737     2.1719
c_nat_starr       0.0000     1.8701     3.4974
pie_starr         0.0000     0.1178     0.0139
c_F_starr         0.0000     0.6052     0.3662
c_H_starr         0.0000     0.8229     0.6772
y_gap_cu          0.0000     0.4849     0.2351
g_gap_cu          0.0000     0.0967     0.0093
pie_cu            0.0000     0.0291     0.0008
s_gap             0.0000     1.1605     1.3467
s_nat             0.0000     0.2677     0.0717
ii                0.0000     0.1495     0.0223



VARIANCE DECOMPOSITION (in percent)
                      eps_a        eps_xi   eps_a_starr  eps_xi_starr
y_gap                  0.00          0.00        100.00          0.00
y_nat                  0.00          0.00        100.00          0.00
g_gap                  0.00          0.00        100.00          0.00
g_nat                  0.00          0.00        100.00          0.00
c_gap                  0.00          0.00        100.00          0.00
c_nat                  0.00          0.00        100.00          0.00
pie                    0.00          0.00        100.00          0.00
c_F                    0.00          0.00        100.00          0.00
c_H                    0.00          0.00        100.00          0.00
y_gap_starr            0.00          0.00        100.00          0.00
y_nat_starr            0.00          0.00        100.00          0.00
g_gap_starr            0.00          0.00        100.00          0.00
g_nat_starr            0.00          0.00        100.00          0.00
c_gap_starr            0.00          0.00        100.00          0.00
c_nat_starr            0.00          0.00        100.00          0.00
pie_starr              0.00          0.00        100.00          0.00
c_F_starr              0.00          0.00        100.00          0.00
c_H_starr              0.00          0.00        100.00          0.00
y_gap_cu               0.00          0.00        100.00          0.00
g_gap_cu               0.00          0.00        100.00          0.00
pie_cu                 0.00          0.00        100.00          0.00
s_gap                  0.00          0.00        100.00          0.00
s_nat                  0.00          0.00        100.00          0.00
ii                     0.00          0.00        100.00          0.00



MATRIX OF CORRELATIONS
Variables            y_gap        y_nat        g_gap        g_nat        c_gap        c_nat          pie          c_F          c_H  y_gap_starr  y_nat_starr  g_gap_starr  g_nat_starr  c_gap_starr  c_nat_starr    pie_starr    c_F_starr    c_H_starr     y_gap_cu     g_gap_cu       pie_cu        s_gap        s_nat           ii
y_gap               1.0000      -0.9995      -0.6278       0.9995       0.9997      -0.9995      -0.9511       0.9910      -0.1607      -0.9278       0.9995       0.2056       0.9995      -0.9974       0.9995       0.7365       0.9874      -0.9940       0.9955      -0.9955      -0.3135      -0.9892      -0.9995       0.0767
y_nat              -0.9995       1.0000       0.6265      -1.0000      -0.9994       1.0000       0.9600      -0.9905       0.1855       0.9318      -1.0000      -0.2050      -1.0000       0.9986      -1.0000      -0.7311      -0.9860       0.9954      -0.9939       0.9939       0.3312       0.9894       1.0000      -0.0953
g_gap              -0.6278       0.6265       1.0000      -0.6265      -0.6089       0.6265       0.5559      -0.5183       0.5026       0.8433      -0.6265      -0.8906      -0.6265       0.6614      -0.6265       0.0413      -0.5006       0.5517      -0.5586       0.5586       0.7556       0.5077       0.6265      -0.6380
g_nat               0.9995      -1.0000      -0.6265       1.0000       0.9994      -1.0000      -0.9600       0.9905      -0.1855      -0.9318       1.0000       0.2050       1.0000      -0.9986       1.0000       0.7311       0.9860      -0.9954       0.9939      -0.9939      -0.3312      -0.9894      -1.0000       0.0953
c_gap               0.9997      -0.9994      -0.6089       0.9994       1.0000      -0.9994      -0.9536       0.9939      -0.1521      -0.9201       0.9994       0.1821       0.9994      -0.9962       0.9994       0.7510       0.9906      -0.9962       0.9971      -0.9971      -0.2989      -0.9925      -0.9994       0.0614
c_nat              -0.9995       1.0000       0.6265      -1.0000      -0.9994       1.0000       0.9600      -0.9905       0.1855       0.9318      -1.0000      -0.2050      -1.0000       0.9986      -1.0000      -0.7311      -0.9860       0.9954      -0.9939       0.9939       0.3312       0.9894       1.0000      -0.0953
pie                -0.9511       0.9600       0.5559      -0.9600      -0.9536       0.9600       1.0000      -0.9477       0.3810       0.9136      -0.9600      -0.1506      -0.9600       0.9634      -0.9600      -0.6764      -0.9357       0.9678      -0.9388       0.9388       0.4485       0.9528       0.9600      -0.2292
c_F                 0.9910      -0.9905      -0.5183       0.9905       0.9939      -0.9905      -0.9477       1.0000      -0.0846      -0.8734       0.9905       0.0731       0.9905      -0.9820       0.9905       0.8178       0.9993      -0.9971       0.9982      -0.9982      -0.2104      -0.9997      -0.9905      -0.0298
c_H                -0.1607       0.1855       0.5026      -0.1855      -0.1521       0.1855       0.3810      -0.0846       1.0000       0.4589      -0.1855      -0.5571      -0.1855       0.2312      -0.1855       0.3791      -0.0471       0.1599      -0.0811       0.0811       0.9436       0.0951       0.1855      -0.9484
y_gap_starr        -0.9278       0.9318       0.8433      -0.9318      -0.9201       0.9318       0.9136      -0.8734       0.4589       1.0000      -0.9318      -0.5224      -0.9318       0.9497      -0.9318      -0.4341      -0.8583       0.9002      -0.8882       0.8882       0.6329       0.8710       0.9318      -0.4309
y_nat_starr         0.9995      -1.0000      -0.6265       1.0000       0.9994      -1.0000      -0.9600       0.9905      -0.1855      -0.9318       1.0000       0.2050       1.0000      -0.9986       1.0000       0.7311       0.9860      -0.9954       0.9939      -0.9939      -0.3312      -0.9894      -1.0000       0.0953
g_gap_starr         0.2056      -0.2050      -0.8906       0.2050       0.1821      -0.2050      -0.1506       0.0731      -0.5571      -0.5224       0.2050       1.0000       0.2050      -0.2507       0.2050      -0.4861       0.0522      -0.1148       0.1203      -0.1203      -0.7810      -0.0613      -0.2050       0.7719
g_nat_starr         0.9995      -1.0000      -0.6265       1.0000       0.9994      -1.0000      -0.9600       0.9905      -0.1855      -0.9318       1.0000       0.2050       1.0000      -0.9986       1.0000       0.7311       0.9860      -0.9954       0.9939      -0.9939      -0.3312      -0.9894      -1.0000       0.0953
c_gap_starr        -0.9974       0.9986       0.6614      -0.9986      -0.9962       0.9986       0.9634      -0.9820       0.2312       0.9497      -0.9986      -0.2507      -0.9986       1.0000      -0.9986      -0.6943      -0.9757       0.9904      -0.9867       0.9867       0.3803       0.9808       0.9986      -0.1474
c_nat_starr         0.9995      -1.0000      -0.6265       1.0000       0.9994      -1.0000      -0.9600       0.9905      -0.1855      -0.9318       1.0000       0.2050       1.0000      -0.9986       1.0000       0.7311       0.9860      -0.9954       0.9939      -0.9939      -0.3312      -0.9894      -1.0000       0.0953
pie_starr           0.7365      -0.7311       0.0413       0.7311       0.7510      -0.7311      -0.6764       0.8178       0.3791      -0.4341       0.7311      -0.4861       0.7311      -0.6943       0.7311       1.0000       0.8342      -0.7814       0.7966      -0.7966       0.3550      -0.8204      -0.7311      -0.5603
c_F_starr           0.9874      -0.9860      -0.5006       0.9860       0.9906      -0.9860      -0.9357       0.9993      -0.0471      -0.8583       0.9860       0.0522       0.9860      -0.9757       0.9860       0.8342       1.0000      -0.9936       0.9976      -0.9976      -0.1754      -0.9986      -0.9860      -0.0656
c_H_starr          -0.9940       0.9954       0.5517      -0.9954      -0.9962       0.9954       0.9678      -0.9971       0.1599       0.9002      -0.9954      -0.1148      -0.9954       0.9904      -0.9954      -0.7814      -0.9936       1.0000      -0.9951       0.9951       0.2803       0.9976       0.9954      -0.0427
y_gap_cu            0.9955      -0.9939      -0.5586       0.9939       0.9971      -0.9939      -0.9388       0.9982      -0.0811      -0.8882       0.9939       0.1203       0.9939      -0.9867       0.9939       0.7966       0.9976      -0.9951       1.0000      -1.0000      -0.2250      -0.9967      -0.9939      -0.0152
g_gap_cu           -0.9955       0.9939       0.5586      -0.9939      -0.9971       0.9939       0.9388      -0.9982       0.0811       0.8882      -0.9939      -0.1203      -0.9939       0.9867      -0.9939      -0.7966      -0.9976       0.9951      -1.0000       1.0000       0.2250       0.9967       0.9939       0.0152
pie_cu             -0.3135       0.3312       0.7556      -0.3312      -0.2989       0.3312       0.4485      -0.2104       0.9436       0.6329      -0.3312      -0.7810      -0.3312       0.3803      -0.3312       0.3550      -0.1754       0.2803      -0.2250       0.2250       1.0000       0.2138       0.3312      -0.9708
s_gap              -0.9892       0.9894       0.5077      -0.9894      -0.9925       0.9894       0.9528      -0.9997       0.0951       0.8710      -0.9894      -0.0613      -0.9894       0.9808      -0.9894      -0.8204      -0.9986       0.9976      -0.9967       0.9967       0.2138       1.0000       0.9894       0.0259
s_nat              -0.9995       1.0000       0.6265      -1.0000      -0.9994       1.0000       0.9600      -0.9905       0.1855       0.9318      -1.0000      -0.2050      -1.0000       0.9986      -1.0000      -0.7311      -0.9860       0.9954      -0.9939       0.9939       0.3312       0.9894       1.0000      -0.0953
ii                  0.0767      -0.0953      -0.6380       0.0953       0.0614      -0.0953      -0.2292      -0.0298      -0.9484      -0.4309       0.0953       0.7719       0.0953      -0.1474       0.0953      -0.5603      -0.0656      -0.0427      -0.0152       0.0152      -0.9708       0.0259      -0.0953       1.0000



COEFFICIENTS OF AUTOCORRELATION
Order               1       2       3       4       5
y_gap          0.8609  0.7256  0.6101  0.5138  0.4335
y_nat          0.8500  0.7225  0.6141  0.5220  0.4437
g_gap          0.6384  0.3616  0.1662  0.0350 -0.0488
g_nat          0.8500  0.7225  0.6141  0.5220  0.4437
c_gap          0.8670  0.7390  0.6275  0.5325  0.4519
c_nat          0.8500  0.7225  0.6141  0.5220  0.4437
pie            0.7162  0.6587  0.6223  0.5772  0.5248
c_F            0.9037  0.7969  0.6954  0.6031  0.5210
c_H           -0.0211 -0.1537 -0.1290 -0.0890 -0.0575
y_gap_starr    0.6454  0.4602  0.3440  0.2642  0.2069
y_nat_starr    0.8500  0.7225  0.6141  0.5220  0.4437
g_gap_starr    0.6792  0.4450  0.2764  0.1579  0.0769
g_nat_starr    0.8500  0.7225  0.6141  0.5220  0.4437
c_gap_starr    0.8224  0.6899  0.5822  0.4924  0.4170
c_nat_starr    0.8500  0.7225  0.6141  0.5220  0.4437
pie_starr      0.9206  0.8337  0.7443  0.6573  0.5758
c_F_starr      0.9162  0.8064  0.7007  0.6054  0.5212
c_H_starr      0.8708  0.7696  0.6775  0.5926  0.5155
y_gap_cu       0.8987  0.7740  0.6599  0.5614  0.4773
g_gap_cu       0.8987  0.7740  0.6599  0.5614  0.4773
pie_cu         0.1159 -0.0530 -0.0763 -0.0713 -0.0619
s_gap          0.9018  0.8018  0.7057  0.6165  0.5356
s_nat          0.8500  0.7225  0.6141  0.5220  0.4437
ii             0.1633 -0.0029 -0.0317 -0.0330 -0.0293

Approximated value of unconditional welfare:  0.00000000

Approximated value of conditional welfare:
    - with initial Lagrange multipliers set to 0: 0.00000000
    - with initial Lagrange multipliers set to steady state: 0.00000000

Total computing time : 0h00m04s
