Starting Dynare (version 5.0).
Calling Dynare with arguments: none
Starting preprocessing of the model file ...
Ramsey Problem: added 44 Multipliers.
Found 44 equation(s).
Found 89 FOC equation(s) for Ramsey Problem.
Evaluating expressions...done
Computing static model derivatives (order 1).
Computing dynamic model derivatives (order 2).
Computing dynamic model derivatives (order 2).
Computing static model derivatives (order 3).
Processing outputs ...
done
Preprocessing completed.


OPTIMAL SIMPLE RULE


OSR: Initial value of the objective function: 0.412444 

  n=8: (5,10)-CMA-ES(w=[46 27 16 9 3]%, mu_eff=3.2) on function osr_obj
Iterat, #Fevals:   Function Value    (median,worst) |Axis Ratio|idx:Min SD idx:Max SD
    1 ,     11 : 4.3856033803602e-01 +(8e-02,2e+00) | 1.10e+00 |  4:3.7e+00  2:3.9e+00
    2 ,     21 : 4.6521689329390e-01 +(9e-02,1e+00) | 1.26e+00 |  4:4.0e+00  7:4.6e+00
   10 ,    101 : 4.1148587307964e-01 +(2e-02,4e-02) | 1.55e+00 |  6:2.9e+00  7:3.5e+00
   20 ,    201 : 4.0266034838066e-01 +(5e-03,6e-02) | 1.77e+00 |  6:1.5e+00  7:2.1e+00
   30 ,    301 : 4.0255529931737e-01 +(5e-04,2e-03) | 1.91e+00 |  6:5.8e-01  7:8.3e-01
   40 ,    401 : 4.0245421410673e-01 +(4e-04,7e-04) | 2.16e+00 |  6:3.2e-01  7:4.2e-01
   50 ,    501 : 4.0245303451061e-01 +(7e-05,2e-04) | 2.65e+00 |  6:1.4e-01  7:1.9e-01
   60 ,    601 : 4.0242501054774e-01 +(2e-05,4e-05) | 3.10e+00 |  6:9.9e-02  7:1.3e-01
   70 ,    701 : 4.0235330708118e-01 +(7e-05,2e-04) | 6.18e+00 |  4:3.1e-01  7:4.7e-01
   80 ,    801 : 4.0231117607093e-01 +(4e-05,9e-05) | 8.05e+00 |  4:1.8e-01  8:3.0e-01
   90 ,    901 : 4.0228282187294e-01 +(4e-06,1e-05) | 1.05e+01 |  4:9.1e-02  7:1.7e-01
Iterat, #Fevals:   Function Value    (median,worst) |Axis Ratio|idx:Min SD idx:Max SD
  100 ,   1001 : 4.0227947487552e-01 +(1e-06,3e-06) | 1.15e+01 |  4:4.5e-02  7:7.3e-02
  110 ,   1101 : 4.0227925330198e-01 +(3e-07,8e-07) | 1.33e+01 |  4:3.2e-02  7:5.4e-02
  120 ,   1201 : 4.0227904600359e-01 +(8e-08,4e-07) | 1.33e+01 |  4:1.3e-02  8:2.2e-02
  130 ,   1301 : 4.0227886431341e-01 +(7e-08,2e-07) | 1.37e+01 |  4:1.0e-02  7:1.8e-02
  140 ,   1401 : 4.0227862831688e-01 +(1e-07,3e-07) | 1.70e+01 |  4:1.4e-02  8:3.8e-02
  150 ,   1501 : 4.0227793928306e-01 +(4e-07,7e-07) | 2.66e+01 |  4:3.2e-02  8:1.1e-01
  160 ,   1601 : 4.0227637376957e-01 +(6e-07,3e-06) | 4.39e+01 |  4:4.6e-02  8:2.4e-01
  170 ,   1701 : 4.0227508998481e-01 +(4e-07,8e-07) | 6.27e+01 |  4:3.5e-02  8:2.1e-01
  180 ,   1801 : 4.0227471285399e-01 +(7e-08,2e-07) | 8.91e+01 |  4:2.7e-02  8:2.0e-01
  190 ,   1901 : 4.0227461799120e-01 +(5e-08,2e-07) | 9.71e+01 |  4:1.6e-02  8:1.2e-01
Iterat, #Fevals:   Function Value    (median,worst) |Axis Ratio|idx:Min SD idx:Max SD
  200 ,   2001 : 4.0227460161550e-01 +(1e-08,4e-08) | 1.07e+02 |  3:1.0e-02  8:6.8e-02
  210 ,   2101 : 4.0227459117139e-01 +(2e-09,4e-09) | 1.15e+02 |  3:4.1e-03  8:2.7e-02
  214 ,   2141 : 4.0227459133100e-01 +(7e-10,1e-09) | 1.17e+02 |  3:2.5e-03  8:1.6e-02
#Fevals:   f(returned x)   |    bestever.f     | stopflag (saved to variablescmaes.mat)
   2142: 4.02274591220e-01 | 4.02274591171e-01 | tolfun
mean solution: -3.4e+00 -1.8e+00 -8.1e+00 -8.2e+00 -1.8e+00 -3.4e+00 -8.2e+00 -8.1e+00
std deviation:  8.2e-03  8.2e-03  2.5e-03  2.5e-03  5.3e-03  5.3e-03  1.6e-02  1.6e-02
use plotcmaesdat.m for plotting the output at any time (option LogModulo must not be zero)

OPTIMAL VALUE OF THE PARAMETERS:

     COEF_y_gapH         -3.38174

     COEF_y_gapF         -1.76154

       COEF_pieH         -8.10898

       COEF_pieF         -8.21887

COEF_y_gapH_starr         -1.76812

COEF_y_gapF_starr         -3.38836

 COEF_pieH_starr         -8.22424

 COEF_pieF_starr         -8.11379

Objective function :         0.402275



MODEL SUMMARY

  Number of variables:         89
  Number of stochastic shocks: 2
  Number of state variables:   7
  Number of jumpers:           9
  Number of static variables:  73


MATRIX OF COVARIANCE OF EXOGENOUS SHOCKS
Variables            eps_a  eps_a_starr
eps_a             0.000000     0.000000
eps_a_starr       0.000000     1.000000

POLICY AND TRANSITION FUNCTIONS
                               y_gap           y_nat           g_gap           g_nat           c_gap           c_nat             pie             c_F             c_H     y_gap_starr     y_nat_starr     g_gap_starr     g_nat_starr     c_gap_starr     c_nat_starr       pie_starr       c_F_starr       c_H_starr        y_gap_cu        g_gap_cu          pie_cu           s_gap           s_nat              ii
a(-1)                      -0.104620        0.801705        0.167996        0.898295       -0.025130        0.278182       -0.013722       -1.565476        0.455110        0.104620       -0.260795       -0.167997        0.260795        0.025131        0.108182        0.013722       -0.068746        1.951840               0               0        0.210788       -0.188481        0.637500       -0.086930
a_starr(-1)                 0.104620       -0.260795       -0.167996        0.260795        0.025130        0.108182        0.013722        1.951839       -0.068746       -0.104620        0.801705        0.167997        0.898295       -0.025131        0.278182       -0.013722        0.455109       -1.565477               0               0       -0.210788        0.188481       -0.637500       -0.086934
s(-1)                              0               0               0               0               0               0               0               0               0               0               0               0               0               0               0               0               0               0               0               0       -0.500000               0               0               0
MULT_12(-1)                 0.040295               0       -0.649578               0        0.182132               0        0.042124        0.023764        0.199729       -0.003447               0       -0.581531               0        0.171705               0        0.021633        0.154108        0.330074        0.018424       -0.615554        0.061676        0.039103               0       -0.692331
MULT_13(-1)                 0.012737               0       -0.125977               0        0.024546               0        0.014919       -0.093692        0.037684       -0.019861               0       -0.074873               0        0.016761               0       -0.000375        0.003623        0.134999       -0.003562       -0.100425        0.029516        0.029195               0       -0.041429
MULT_14(-1)                -0.003367               0       -0.581091               0        0.171704               0        0.021637        0.330116        0.154102        0.040216               0       -0.650016               0        0.182134               0        0.042120        0.199735        0.023722        0.018424       -0.615554        0.002080       -0.039114               0       -0.692331
MULT_15(-1)                -0.019858               0       -0.074842               0        0.016758               0       -0.000375        0.135000        0.003620        0.012733               0       -0.125989               0        0.024543               0        0.014918        0.037681       -0.093699       -0.003563       -0.100416       -0.014973       -0.029196               0       -0.041418
eps_a                       0.123082       -0.943182       -0.197642       -1.056818        0.029565       -0.327273        0.016143        1.841736       -0.535424       -0.123083        0.306818        0.197643       -0.306818       -0.029566       -0.127273       -0.016143        0.080877       -2.296283               0               0       -0.247986        0.221742       -0.750000        0.102270
eps_a_starr                -0.123082        0.306818        0.197642       -0.306818       -0.029565       -0.127273       -0.016143       -2.296282        0.080878        0.123083       -0.943182       -0.197643       -1.056818        0.029566       -0.327273        0.016143       -0.535423        1.841737               0               0        0.247986       -0.221742        0.750000        0.102275


THEORETICAL MOMENTS
VARIABLE            MEAN  STD. DEV.   VARIANCE
y_gap             0.0000     0.1483     0.0220
y_nat             0.0000     0.5824     0.3392
g_gap             0.0000     0.2381     0.0567
g_nat             0.0000     0.5824     0.3392
c_gap             0.0000     0.0356     0.0013
c_nat             0.0000     0.2416     0.0584
pie               0.0000     0.0658     0.0043
c_F               0.0000     5.4223    29.4009
c_H               0.0000     0.3264     0.1065
y_gap_starr       0.0000     0.1484     0.0220
y_nat_starr       0.0000     1.7905     3.2057
g_gap_starr       0.0000     0.2381     0.0567
g_nat_starr       0.0000     2.0062     4.0247
c_gap_starr       0.0000     0.0356     0.0013
c_nat_starr       0.0000     0.6213     0.3860
pie_starr         0.0000     0.0658     0.0043
c_F_starr         0.0000     1.1718     1.3732
c_H_starr         0.0000     4.5712    20.8961
y_gap_cu          0.0000     0.0000     0.0000
g_gap_cu          0.0000     0.0000     0.0000
pie_cu            0.0000     0.2480     0.0615
s_gap             0.0000     0.2672     0.0714
s_nat             0.0000     1.4237     2.0270
ii                0.0000     0.1941     0.0377



VARIANCE DECOMPOSITION (in percent)
                     eps_a  eps_a_starr
y_gap                 0.00       100.00
y_nat                 0.00       100.00
g_gap                 0.00       100.00
g_nat                 0.00       100.00
c_gap                 0.00       100.00
c_nat                 0.00       100.00
pie                   0.00       100.00
c_F                   0.00       100.00
c_H                   0.00       100.00
y_gap_starr           0.00       100.00
y_nat_starr           0.00       100.00
g_gap_starr           0.00       100.00
g_nat_starr           0.00       100.00
c_gap_starr           0.00       100.00
c_nat_starr           0.00       100.00
pie_starr             0.00       100.00
c_F_starr             0.00       100.00
c_H_starr             0.00       100.00
y_gap_cu              0.00       100.00
g_gap_cu              0.00       100.00
pie_cu                0.00       100.00
s_gap                 0.00       100.00
s_nat                 0.00       100.00
ii                    0.00       100.00



MATRIX OF CORRELATIONS
Variables            y_gap        y_nat        g_gap        g_nat        c_gap        c_nat          pie          c_F          c_H  y_gap_starr  y_nat_starr  g_gap_starr  g_nat_starr  c_gap_starr  c_nat_starr    pie_starr    c_F_starr    c_H_starr     y_gap_cu     g_gap_cu       pie_cu        s_gap        s_nat           ii
y_gap               1.0000      -0.6137      -0.9996       0.6137       1.0000       0.6137       0.3209       0.4870      -0.2729      -1.0000       0.6137       0.9996       0.6137      -1.0000       0.6137      -0.3209       0.5279      -0.4618      -0.4688      -0.0419      -0.8297       1.0000      -0.6137      -0.6137
y_nat              -0.6137       1.0000       0.6362      -1.0000      -0.6193      -1.0000       0.5508      -0.9884       0.9270       0.6137      -1.0000      -0.6363      -1.0000       0.6192      -1.0000      -0.5508      -0.9945       0.9837      -0.0974      -0.2566       0.5268      -0.6193       1.0000       1.0000
g_gap              -0.9996       0.6362       1.0000      -0.6362      -0.9998      -0.6362      -0.2935      -0.5120       0.3005       0.9996      -0.6362      -1.0000      -0.6362       0.9998      -0.6362       0.2935      -0.5522       0.4872       0.4546       0.0316       0.8300      -0.9998       0.6362       0.6362
g_nat               0.6137      -1.0000      -0.6362       1.0000       0.6193       1.0000      -0.5508       0.9884      -0.9270      -0.6137       1.0000       0.6363       1.0000      -0.6192       1.0000       0.5508       0.9945      -0.9837       0.0974       0.2566      -0.5268       0.6193      -1.0000      -1.0000
c_gap               1.0000      -0.6193      -0.9998       0.6193       1.0000       0.6193       0.3143       0.4931      -0.2796      -1.0000       0.6193       0.9998       0.6193      -1.0000       0.6193      -0.3143       0.5339      -0.4680      -0.4654      -0.0394      -0.8298       1.0000      -0.6193      -0.6193
c_nat               0.6137      -1.0000      -0.6362       1.0000       0.6193       1.0000      -0.5508       0.9884      -0.9270      -0.6137       1.0000       0.6363       1.0000      -0.6192       1.0000       0.5508       0.9945      -0.9837       0.0974       0.2566      -0.5268       0.6193      -1.0000      -1.0000
pie                 0.3209       0.5508      -0.2935      -0.5508       0.3143      -0.5508       1.0000      -0.6709       0.8236      -0.3209      -0.5508       0.2935      -0.5508      -0.3143      -0.5508      -1.0000      -0.6349       0.6919      -0.6124      -0.3521      -0.2452       0.3143       0.5508       0.5508
c_F                 0.4870      -0.9884      -0.5120       0.9884       0.4931       0.9884      -0.6709       1.0000      -0.9731      -0.4870       0.9884       0.5120       0.9884      -0.4931       0.9884       0.6709       0.9989      -0.9996       0.1977       0.2919      -0.4235       0.4931      -0.9884      -0.9884
c_H                -0.2729       0.9270       0.3005      -0.9270      -0.2796      -0.9270       0.8236      -0.9731       1.0000       0.2729      -0.9270      -0.3005      -0.9270       0.2796      -0.9270      -0.8236      -0.9611       0.9793      -0.3413      -0.3325       0.2478      -0.2796       0.9270       0.9270
y_gap_starr        -1.0000       0.6137       0.9996      -0.6137      -1.0000      -0.6137      -0.3209      -0.4870       0.2729       1.0000      -0.6137      -0.9996      -0.6137       1.0000      -0.6137       0.3209      -0.5279       0.4618       0.4688       0.0419       0.8297      -1.0000       0.6137       0.6137
y_nat_starr         0.6137      -1.0000      -0.6362       1.0000       0.6193       1.0000      -0.5508       0.9884      -0.9270      -0.6137       1.0000       0.6363       1.0000      -0.6192       1.0000       0.5508       0.9945      -0.9837       0.0974       0.2566      -0.5268       0.6193      -1.0000      -1.0000
g_gap_starr         0.9996      -0.6363      -1.0000       0.6363       0.9998       0.6363       0.2935       0.5120      -0.3005      -0.9996       0.6363       1.0000       0.6363      -0.9998       0.6363      -0.2935       0.5522      -0.4872      -0.4545      -0.0315      -0.8300       0.9998      -0.6363      -0.6363
g_nat_starr         0.6137      -1.0000      -0.6362       1.0000       0.6193       1.0000      -0.5508       0.9884      -0.9270      -0.6137       1.0000       0.6363       1.0000      -0.6192       1.0000       0.5508       0.9945      -0.9837       0.0974       0.2566      -0.5268       0.6193      -1.0000      -1.0000
c_gap_starr        -1.0000       0.6192       0.9998      -0.6192      -1.0000      -0.6192      -0.3143      -0.4931       0.2796       1.0000      -0.6192      -0.9998      -0.6192       1.0000      -0.6192       0.3143      -0.5338       0.4680       0.4653       0.0393       0.8298      -1.0000       0.6192       0.6193
c_nat_starr         0.6137      -1.0000      -0.6362       1.0000       0.6193       1.0000      -0.5508       0.9884      -0.9270      -0.6137       1.0000       0.6363       1.0000      -0.6192       1.0000       0.5508       0.9945      -0.9837       0.0974       0.2566      -0.5268       0.6193      -1.0000      -1.0000
pie_starr          -0.3209      -0.5508       0.2935       0.5508      -0.3143       0.5508      -1.0000       0.6709      -0.8236       0.3209       0.5508      -0.2935       0.5508       0.3143       0.5508       1.0000       0.6349      -0.6919       0.6124       0.3520       0.2452      -0.3143      -0.5508      -0.5508
c_F_starr           0.5279      -0.9945      -0.5522       0.9945       0.5339       0.9945      -0.6349       0.9989      -0.9611      -0.5279       0.9945       0.5522       0.9945      -0.5338       0.9945       0.6349       1.0000      -0.9971       0.1668       0.2815      -0.4569       0.5339      -0.9945      -0.9945
c_H_starr          -0.4618       0.9837       0.4872      -0.9837      -0.4680      -0.9837       0.6919      -0.9996       0.9793       0.4618      -0.9837      -0.4872      -0.9837       0.4680      -0.9837      -0.6919      -0.9971       1.0000      -0.2162      -0.2978       0.4029      -0.4680       0.9837       0.9837
y_gap_cu           -0.4688      -0.0974       0.4546       0.0974      -0.4654       0.0974      -0.6124       0.1977      -0.3413       0.4688       0.0974      -0.4545       0.0974       0.4653       0.0974       0.6124       0.1668      -0.2162       1.0000       0.7877       0.1200      -0.4653      -0.0974      -0.0974
g_gap_cu           -0.0419      -0.2566       0.0316       0.2566      -0.0394       0.2566      -0.3521       0.2919      -0.3325       0.0419       0.2566      -0.0315       0.2566       0.0393       0.2566       0.3520       0.2815      -0.2978       0.7877       1.0000      -0.0585      -0.0394      -0.2566      -0.2566
pie_cu             -0.8297       0.5268       0.8300      -0.5268      -0.8298      -0.5268      -0.2452      -0.4235       0.2478       0.8297      -0.5268      -0.8300      -0.5268       0.8298      -0.5268       0.2452      -0.4569       0.4029       0.1200      -0.0585       1.0000      -0.8298       0.5268       0.5268
s_gap               1.0000      -0.6193      -0.9998       0.6193       1.0000       0.6193       0.3143       0.4931      -0.2796      -1.0000       0.6193       0.9998       0.6193      -1.0000       0.6193      -0.3143       0.5339      -0.4680      -0.4653      -0.0394      -0.8298       1.0000      -0.6193      -0.6193
s_nat              -0.6137       1.0000       0.6362      -1.0000      -0.6193      -1.0000       0.5508      -0.9884       0.9270       0.6137      -1.0000      -0.6363      -1.0000       0.6192      -1.0000      -0.5508      -0.9945       0.9837      -0.0974      -0.2566       0.5268      -0.6193       1.0000       1.0000
ii                 -0.6137       1.0000       0.6362      -1.0000      -0.6193      -1.0000       0.5508      -0.9884       0.9270       0.6137      -1.0000      -0.6363      -1.0000       0.6193      -1.0000      -0.5508      -0.9945       0.9837      -0.0974      -0.2566       0.5268      -0.6193       1.0000       1.0000



COEFFICIENTS OF AUTOCORRELATION
Order               1       2       3       4       5
y_gap          0.5366  0.2505  0.0779 -0.0223 -0.0771
y_nat          0.8500  0.7225  0.6141  0.5220  0.4437
g_gap          0.5396  0.2549  0.0830 -0.0172 -0.0722
g_nat          0.8500  0.7225  0.6141  0.5220  0.4437
c_gap          0.5373  0.2515  0.0791 -0.0212 -0.0760
c_nat          0.8500  0.7225  0.6141  0.5220  0.4437
pie            0.8977  0.7944  0.6958  0.6049  0.5231
c_F            0.9051  0.8055  0.7084  0.6177  0.5353
c_H            0.9609  0.8896  0.8039  0.7147  0.6281
y_gap_starr    0.5366  0.2505  0.0780 -0.0223 -0.0771
y_nat_starr    0.8500  0.7225  0.6141  0.5220  0.4437
g_gap_starr    0.5396  0.2549  0.0830 -0.0172 -0.0722
g_nat_starr    0.8500  0.7225  0.6141  0.5220  0.4437
c_gap_starr    0.5373  0.2514  0.0790 -0.0212 -0.0760
c_nat_starr    0.8500  0.7225  0.6141  0.5220  0.4437
pie_starr      0.8977  0.7944  0.6958  0.6049  0.5230
c_F_starr      0.8892  0.7815  0.6812  0.5901  0.5088
c_H_starr      0.9140  0.8189  0.7237  0.6332  0.5501
y_gap_cu       0.9655  0.8782  0.7604  0.6364  0.5207
g_gap_cu       0.8878  0.7353  0.6202  0.5400  0.4811
pie_cu        -0.0000 -0.0000 -0.0000 -0.0000 -0.0000
s_gap          0.5373  0.2515  0.0791 -0.0212 -0.0760
s_nat          0.8500  0.7225  0.6141  0.5220  0.4437
ii             0.8500  0.7225  0.6141  0.5220  0.4437
Total computing time : 0h00m40s
