Starting Dynare (version 5.0).
Calling Dynare with arguments: none
Starting preprocessing of the model file ...
Ramsey Problem: added 42 Multipliers.
Found 42 equation(s).
Found 85 FOC equation(s) for Ramsey Problem.
Evaluating expressions...done
Computing static model derivatives (order 1).
Computing dynamic model derivatives (order 2).
Computing dynamic model derivatives (order 2).
Computing static model derivatives (order 3).
Processing outputs ...
done
Preprocessing completed.


STEADY-STATE RESULTS:

y_gap         		 0
g_gap         		 0
c_gap         		 0
y_gap_starr   		 0
g_gap_starr   		 0
c_gap_starr   		 0
s_gap         		 0
y_gap_cu      		 0
g_gap_cu      		 0
a             		 0
xi            		 0
a_starr       		 0
xi_starr      		 0
y_nat         		 0
g_nat         		 0
c_nat         		 0
c_H_nat       		 0
c_F_nat       		 0
y_nat_starr   		 0
g_nat_starr   		 0
c_nat_starr   		 0
c_H_nat_starr 		 0
c_F_nat_starr 		 0
s_nat         		 0
y             		 0
pie           		 0
g             		 0
n             		 0
c             		 0
c_H           		 0
c_F           		 0
y_starr       		 0
pie_starr     		 0
g_starr       		 0
n_starr       		 0
c_starr       		 0
c_H_starr     		 0
c_F_starr     		 0
ii            		 0
s             		 0
pie_cu        		 0
y_cu          		 0
g_cu          		 0

OPTIMAL SIMPLE RULE


OSR: Initial value of the objective function: 0.626717 

  n=8: (5,10)-CMA-ES(w=[46 27 16 9 3]%, mu_eff=3.2) on function osr_obj
Iterat, #Fevals:   Function Value    (median,worst) |Axis Ratio|idx:Min SD idx:Max SD
    1 ,     11 : 6.2524289020043e-01 +(2e-03,5e-03) | 1.08e+00 |  8:9.0e-03  1:9.3e-03
    2 ,     21 : 6.2371601025255e-01 +(2e-03,5e-03) | 1.16e+00 |  8:8.7e-03  6:9.6e-03
   10 ,    101 : 5.9961499692873e-01 +(6e-03,1e-02) | 1.59e+00 |  7:4.0e-02  6:5.0e-02
   20 ,    201 : 4.2675214104273e-01 +(3e-02,2e-01) | 1.78e+00 |  4:4.3e-01  6:5.6e-01
   30 ,    301 : 2.9889748542984e-01 +(1e-02,4e-02) | 2.79e+00 |  7:1.6e+00  6:3.3e+00
   40 ,    401 : 2.8615695635190e-01 +(1e-02,3e-02) | 3.20e+00 |  2:1.6e+00  6:3.1e+00
   50 ,    501 : 2.8185307542060e-01 +(3e-03,9e-03) | 3.52e+00 |  2:1.4e+00  6:2.7e+00
   60 ,    601 : 2.8022211748058e-01 +(2e-03,7e-03) | 4.15e+00 |  2:7.1e-01  5:1.7e+00
   70 ,    701 : 2.7973661711153e-01 +(2e-03,7e-03) | 4.69e+00 |  2:7.7e-01  3:2.0e+00
   80 ,    801 : 2.7957036696969e-01 +(9e-04,3e-03) | 5.47e+00 |  2:5.6e-01  5:1.4e+00
   90 ,    901 : 2.7943973685224e-01 +(3e-04,6e-04) | 6.39e+00 |  4:5.2e-01  5:1.1e+00
Iterat, #Fevals:   Function Value    (median,worst) |Axis Ratio|idx:Min SD idx:Max SD
  100 ,   1001 : 2.7939306534197e-01 +(2e-05,2e-04) | 6.87e+00 |  4:2.3e-01  1:5.3e-01
  110 ,   1101 : 2.7934841103412e-01 +(9e-06,4e-05) | 8.97e+00 |  4:1.7e-01  1:4.2e-01
  120 ,   1201 : 2.7934467868019e-01 +(1e-05,3e-05) | 9.97e+00 |  4:1.5e-01  1:3.7e-01
  130 ,   1301 : 2.7933048197291e-01 +(3e-06,2e-05) | 1.25e+01 |  4:1.0e-01  1:3.0e-01
  140 ,   1401 : 2.7932428520560e-01 +(6e-06,2e-05) | 2.44e+01 |  4:1.2e-01  1:5.8e-01
  150 ,   1501 : 2.7932215728134e-01 +(1e-06,3e-06) | 2.87e+01 |  4:8.7e-02  1:4.6e-01
  160 ,   1601 : 2.7932119641067e-01 +(2e-07,1e-06) | 3.07e+01 |  4:3.7e-02  1:2.0e-01
  170 ,   1701 : 2.7932109314525e-01 +(4e-08,1e-07) | 3.58e+01 |  4:2.1e-02  1:1.1e-01
  180 ,   1801 : 2.7932106884424e-01 +(3e-08,8e-08) | 3.86e+01 |  4:1.2e-02  1:6.4e-02
  190 ,   1901 : 2.7932106045011e-01 +(6e-09,2e-08) | 4.39e+01 |  4:6.2e-03  1:3.3e-02
Iterat, #Fevals:   Function Value    (median,worst) |Axis Ratio|idx:Min SD idx:Max SD
  200 ,   2001 : 2.7932105969879e-01 +(7e-10,3e-09) | 4.80e+01 |  4:3.1e-03  1:1.5e-02
#Fevals:   f(returned x)   |    bestever.f     | stopflag (saved to variablescmaes.mat)
   2002: 2.79321059385e-01 | 2.79321059385e-01 | tolfun
mean solution: -2.4e+01 -1.1e+01 +7.3e+00 +6.4e+00 -1.7e+01 -1.7e+01 -2.1e+00 +1.6e+01
std deviation:  1.5e-02  6.9e-03  5.5e-03  3.1e-03  9.1e-03  4.0e-03  1.1e-02  5.1e-03
use plotcmaesdat.m for plotting the output at any time (option LogModulo must not be zero)

OPTIMAL VALUE OF THE PARAMETERS:

     COEF_y_gapH         -23.5549

     COEF_y_gapF         -10.7245

       COEF_pieH          7.31727

       COEF_pieF          6.40291

COEF_y_gapH_starr         -17.4527

COEF_y_gapF_starr         -16.8417

 COEF_pieH_starr         -2.09464

 COEF_pieF_starr          15.8285

Objective function :         0.279321



MODEL SUMMARY

  Number of variables:         85
  Number of stochastic shocks: 4
  Number of state variables:   8
  Number of jumpers:           10
  Number of static variables:  67


MATRIX OF COVARIANCE OF EXOGENOUS SHOCKS
Variables              eps_a        eps_xi   eps_a_starr  eps_xi_starr
eps_a               0.000000      0.000000      0.000000      0.000000
eps_xi              0.000000      0.000000      0.000000      0.000000
eps_a_starr         0.000000      0.000000      1.000000      0.000000
eps_xi_starr        0.000000      0.000000      0.000000      0.000000

POLICY AND TRANSITION FUNCTIONS
                               y_gap           y_nat           g_gap           g_nat           c_gap           c_nat             pie             c_F             c_H     y_gap_starr     y_nat_starr     g_gap_starr     g_nat_starr     c_gap_starr     c_nat_starr       pie_starr       c_F_starr       c_H_starr        y_gap_cu        g_gap_cu          pie_cu           s_gap           s_nat              ii
a(-1)                      -0.094883        0.681460       -0.091115        1.018540       -0.007916        0.326960       -0.009361       -0.095726        0.345518        0.127420       -0.390848       -0.546095        0.390848        0.041803        0.159575        0.019911        0.139604        0.580848       -0.028192       -0.227609       -0.000580       -0.186449        0.627692       -0.123387
a_starr(-1)                 0.066686       -0.167506       -0.136556        0.167506        0.014915        0.068389        0.008782        0.498061        0.056831       -0.155595        0.904801        0.318706        0.795199       -0.034808        0.235774       -0.020490        0.262738       -0.178492        0.000002        0.000023               0        0.186462       -0.627692       -0.053367
MULT_12(-1)                 0.049973               0       -0.940082               0        0.213811               0        0.040259        0.192057        0.215200        0.021969               0       -0.886342               0        0.207640               0        0.027807        0.204400        0.227543        0.041572       -0.923960        0.036524        0.023143               0       -0.843299
MULT_13(-1)                 0.015224               0       -0.123761               0        0.029819               0        0.014345        0.009957        0.031087       -0.010331               0       -0.074609               0        0.024184               0        0.002978        0.021226        0.042356        0.007557       -0.109015        0.010935        0.021130               0       -0.059364
MULT_14(-1)                 0.038810               0       -1.565122               0        0.366683               0        0.049106        0.456337        0.360961        0.154154               0       -1.787009               0        0.392117               0        0.100414        0.405470        0.310094        0.073413       -1.631688        0.064499       -0.095376               0       -1.489233
MULT_15(-1)                -0.010334               0       -0.074634               0        0.024184               0        0.002978        0.070528        0.021226        0.049302               0       -0.189247               0        0.037332               0        0.029501        0.044234       -0.005068        0.007557       -0.109018        0.010935       -0.049302               0       -0.059362
eps_a                      -0.111627        0.801717       -0.107195        1.198283       -0.009313        0.384658       -0.011013       -0.112619        0.406491        0.149906       -0.459821       -0.642465        0.459821        0.049180        0.187735        0.023424        0.164240        0.683350       -0.033167       -0.267776       -0.000682       -0.219352        0.738462       -0.145162
eps_a_starr                 0.078454       -0.197066       -0.160654        0.197066        0.017547        0.080458        0.010332        0.585954        0.066860       -0.183052        1.064472        0.374949        0.935528       -0.040951        0.277381       -0.024106        0.309104       -0.209991        0.000002        0.000027               0        0.219367       -0.738462       -0.062785


THEORETICAL MOMENTS
VARIABLE            MEAN  STD. DEV.   VARIANCE
y_gap             0.0000     0.0942     0.0089
y_nat             0.0000     0.3741     0.1399
g_gap             0.0000     0.1930     0.0373
g_nat             0.0000     0.3741     0.1399
c_gap             0.0000     0.0211     0.0004
c_nat             0.0000     0.1527     0.0233
pie               0.0000     0.0392     0.0015
c_F               0.0000     1.3401     1.7958
c_H               0.0000     0.0961     0.0092
y_gap_starr       0.0000     0.2197     0.0483
y_nat_starr       0.0000     2.0207     4.0832
g_gap_starr       0.0000     0.4505     0.2030
g_nat_starr       0.0000     1.7759     3.1539
c_gap_starr       0.0000     0.0491     0.0024
c_nat_starr       0.0000     0.5266     0.2773
pie_starr         0.0000     0.0914     0.0083
c_F_starr         0.0000     0.6722     0.4519
c_H_starr         0.0000     0.5843     0.3415
y_gap_cu          0.0000     0.0000     0.0000
g_gap_cu          0.0000     0.0000     0.0000
pie_cu            0.0000     0.0000     0.0000
s_gap             0.0000     0.2632     0.0693
s_nat             0.0000     1.4018     1.9651
ii                0.0000     0.1192     0.0142



VARIANCE DECOMPOSITION (in percent)
                      eps_a        eps_xi   eps_a_starr  eps_xi_starr
y_gap                  0.00          0.00        100.00          0.00
y_nat                  0.00          0.00        100.00          0.00
g_gap                  0.00          0.00        100.00          0.00
g_nat                  0.00          0.00        100.00          0.00
c_gap                  0.00          0.00        100.00          0.00
c_nat                  0.00          0.00        100.00          0.00
pie                    0.00          0.00        100.00          0.00
c_F                    0.00          0.00        100.00          0.00
c_H                    0.00          0.00        100.00          0.00
y_gap_starr            0.00          0.00        100.00          0.00
y_nat_starr            0.00          0.00        100.00          0.00
g_gap_starr            0.00          0.00        100.00          0.00
g_nat_starr            0.00          0.00        100.00          0.00
c_gap_starr            0.00          0.00        100.00          0.00
c_nat_starr            0.00          0.00        100.00          0.00
pie_starr              0.00          0.00        100.00          0.00
c_F_starr              0.00          0.00        100.00          0.00
c_H_starr              0.00          0.00        100.00          0.00
y_gap_cu               0.00          0.00        100.00          0.00
g_gap_cu               0.00          0.00        100.00          0.00
pie_cu                 0.00          0.00        100.00          0.00
s_gap                  0.00          0.00        100.00          0.00
s_nat                  0.00          0.00        100.00          0.00
ii                     0.00          0.00        100.00          0.00



MATRIX OF CORRELATIONS
Variables            y_gap        y_nat        g_gap        g_nat        c_gap        c_nat          pie          c_F          c_H  y_gap_starr  y_nat_starr  g_gap_starr  g_nat_starr  c_gap_starr  c_nat_starr    pie_starr    c_F_starr    c_H_starr     y_gap_cu     g_gap_cu       pie_cu        s_gap        s_nat           ii
y_gap               1.0000      -0.6133      -0.9971       0.6133       0.9998       0.6133       0.3394       0.5041       0.8211      -1.0000       0.6133       0.9971       0.6133      -0.9998       0.6133      -0.3393       0.5316      -0.4094       0.8644       0.9719       0.6626       0.9998      -0.6133      -0.6132
y_nat              -0.6133       1.0000       0.6720      -1.0000      -0.6275      -1.0000       0.5349      -0.9913      -0.9544       0.6133      -1.0000      -0.6720      -1.0000       0.6274      -1.0000      -0.5349      -0.9950       0.9717      -0.9050      -0.7594      -0.5864      -0.6274       1.0000       1.0000
g_gap              -0.9971       0.6720       1.0000      -0.6720      -0.9983      -0.6720      -0.2663      -0.5688      -0.8624       0.9971      -0.6720      -1.0000      -0.6720       0.9983      -0.6720       0.2662      -0.5949       0.4781      -0.8983      -0.9849      -0.6781      -0.9983       0.6720       0.6720
g_nat               0.6133      -1.0000      -0.6720       1.0000       0.6275       1.0000      -0.5349       0.9913       0.9544      -0.6133       1.0000       0.6720       1.0000      -0.6274       1.0000       0.5349       0.9950      -0.9717       0.9050       0.7594       0.5864       0.6274      -1.0000      -1.0000
c_gap               0.9998      -0.6275      -0.9983       0.6275       1.0000       0.6275       0.3223       0.5196       0.8313      -0.9998       0.6275       0.9983       0.6275      -1.0000       0.6275      -0.3223       0.5468      -0.4258       0.8729       0.9755       0.6667       1.0000      -0.6275      -0.6274
c_nat               0.6133      -1.0000      -0.6720       1.0000       0.6275       1.0000      -0.5349       0.9913       0.9544      -0.6133       1.0000       0.6720       1.0000      -0.6274       1.0000       0.5349       0.9950      -0.9717       0.9050       0.7594       0.5864       0.6274      -1.0000      -1.0000
pie                 0.3394       0.5349      -0.2663      -0.5349       0.3223      -0.5349       1.0000      -0.6414      -0.2583      -0.3394      -0.5349       0.2662      -0.5349      -0.3224      -0.5349      -1.0000      -0.6164       0.7193      -0.1531       0.1353       0.0105       0.3223       0.5349       0.5349
c_F                 0.5041      -0.9913      -0.5688       0.9913       0.5196       0.9913      -0.6414       1.0000       0.9069      -0.5040       0.9913       0.5688       0.9913      -0.5195       0.9913       0.6414       0.9995      -0.9943       0.8456       0.6685       0.5309       0.5195      -0.9913      -0.9913
c_H                 0.8211      -0.9544      -0.8624       0.9544       0.8313       0.9544      -0.2583       0.9069       1.0000      -0.8211       0.9544       0.8624       0.9544      -0.8312       0.9544       0.2583       0.9199      -0.8569       0.9807       0.9161       0.6742       0.8313      -0.9544      -0.9544
y_gap_starr        -1.0000       0.6133       0.9971      -0.6133      -0.9998      -0.6133      -0.3394      -0.5040      -0.8211       1.0000      -0.6133      -0.9971      -0.6133       0.9998      -0.6133       0.3393      -0.5315       0.4094      -0.8644      -0.9719      -0.6626      -0.9998       0.6133       0.6132
y_nat_starr         0.6133      -1.0000      -0.6720       1.0000       0.6275       1.0000      -0.5349       0.9913       0.9544      -0.6133       1.0000       0.6720       1.0000      -0.6274       1.0000       0.5349       0.9950      -0.9717       0.9050       0.7594       0.5864       0.6274      -1.0000      -1.0000
g_gap_starr         0.9971      -0.6720      -1.0000       0.6720       0.9983       0.6720       0.2662       0.5688       0.8624      -0.9971       0.6720       1.0000       0.6720      -0.9983       0.6720      -0.2662       0.5949      -0.4781       0.8983       0.9849       0.6781       0.9983      -0.6720      -0.6720
g_nat_starr         0.6133      -1.0000      -0.6720       1.0000       0.6275       1.0000      -0.5349       0.9913       0.9544      -0.6133       1.0000       0.6720       1.0000      -0.6274       1.0000       0.5349       0.9950      -0.9717       0.9050       0.7594       0.5864       0.6274      -1.0000      -1.0000
c_gap_starr        -0.9998       0.6274       0.9983      -0.6274      -1.0000      -0.6274      -0.3224      -0.5195      -0.8312       0.9998      -0.6274      -0.9983      -0.6274       1.0000      -0.6274       0.3223      -0.5467       0.4258      -0.8728      -0.9755      -0.6666      -1.0000       0.6274       0.6274
c_nat_starr         0.6133      -1.0000      -0.6720       1.0000       0.6275       1.0000      -0.5349       0.9913       0.9544      -0.6133       1.0000       0.6720       1.0000      -0.6274       1.0000       0.5349       0.9950      -0.9717       0.9050       0.7594       0.5864       0.6274      -1.0000      -1.0000
pie_starr          -0.3393      -0.5349       0.2662       0.5349      -0.3223       0.5349      -1.0000       0.6414       0.2583       0.3393       0.5349      -0.2662       0.5349       0.3223       0.5349       1.0000       0.6164      -0.7193       0.1531      -0.1352      -0.0104      -0.3223      -0.5349      -0.5349
c_F_starr           0.5316      -0.9950      -0.5949       0.9950       0.5468       0.9950      -0.6164       0.9995       0.9199      -0.5315       0.9950       0.5949       0.9950      -0.5467       0.9950       0.6164       1.0000      -0.9904       0.8615       0.6918       0.5453       0.5467      -0.9950      -0.9950
c_H_starr          -0.4094       0.9717       0.4781      -0.9717      -0.4258      -0.9717       0.7193      -0.9943      -0.8569       0.4094      -0.9717      -0.4781      -0.9717       0.4258      -0.9717      -0.7193      -0.9904       1.0000      -0.7869      -0.5866      -0.4792      -0.4258       0.9717       0.9717
y_gap_cu            0.8644      -0.9050      -0.8983       0.9050       0.8729       0.9050      -0.1531       0.8456       0.9807      -0.8644       0.9050       0.8983       0.9050      -0.8728       0.9050       0.1531       0.8615      -0.7869       1.0000       0.9197       0.7993       0.8729      -0.9050      -0.9050
g_gap_cu            0.9719      -0.7594      -0.9849       0.7594       0.9755       0.7594       0.1353       0.6685       0.9161      -0.9719       0.7594       0.9849       0.7594      -0.9755       0.7594      -0.1352       0.6918      -0.5866       0.9197       1.0000       0.6112       0.9755      -0.7594      -0.7594
pie_cu              0.6626      -0.5864      -0.6781       0.5864       0.6667       0.5864       0.0105       0.5309       0.6742      -0.6626       0.5864       0.6781       0.5864      -0.6666       0.5864      -0.0104       0.5453      -0.4792       0.7993       0.6111       1.0000       0.6666      -0.5864      -0.5864
s_gap               0.9998      -0.6274      -0.9983       0.6274       1.0000       0.6274       0.3223       0.5195       0.8313      -0.9998       0.6274       0.9983       0.6274      -1.0000       0.6274      -0.3223       0.5467      -0.4258       0.8729       0.9755       0.6666       1.0000      -0.6274      -0.6274
s_nat              -0.6133       1.0000       0.6720      -1.0000      -0.6275      -1.0000       0.5349      -0.9913      -0.9544       0.6133      -1.0000      -0.6720      -1.0000       0.6274      -1.0000      -0.5349      -0.9950       0.9717      -0.9050      -0.7594      -0.5864      -0.6274       1.0000       1.0000
ii                 -0.6132       1.0000       0.6720      -1.0000      -0.6274      -1.0000       0.5349      -0.9913      -0.9544       0.6132      -1.0000      -0.6720      -1.0000       0.6274      -1.0000      -0.5349      -0.9950       0.9717      -0.9050      -0.7594      -0.5864      -0.6274       1.0000       1.0000



COEFFICIENTS OF AUTOCORRELATION
Order               1       2       3       4       5
y_gap          0.5315  0.2447  0.0733 -0.0253 -0.0784
y_nat          0.8500  0.7225  0.6141  0.5220  0.4437
g_gap          0.5413  0.2593  0.0899 -0.0085 -0.0624
g_nat          0.8500  0.7225  0.6141  0.5220  0.4437
c_gap          0.5334  0.2475  0.0765 -0.0221 -0.0754
c_nat          0.8500  0.7225  0.6141  0.5220  0.4437
pie            0.8882  0.7799  0.6791  0.5877  0.5064
c_F            0.8987  0.7956  0.6969  0.6057  0.5236
c_H            0.7182  0.5247  0.3903  0.2955  0.2276
y_gap_starr    0.5315  0.2446  0.0733 -0.0253 -0.0784
y_nat_starr    0.8500  0.7225  0.6141  0.5220  0.4437
g_gap_starr    0.5413  0.2593  0.0899 -0.0084 -0.0624
g_nat_starr    0.8500  0.7225  0.6141  0.5220  0.4437
c_gap_starr    0.5333  0.2474  0.0764 -0.0221 -0.0754
c_nat_starr    0.8500  0.7225  0.6141  0.5220  0.4437
pie_starr      0.8882  0.7799  0.6791  0.5877  0.5064
c_F_starr      0.8877  0.7790  0.6781  0.5868  0.5055
c_H_starr      0.9307  0.8436  0.7512  0.6607  0.5760
y_gap_cu       0.7475  0.5278  0.3530  0.2208  0.1245
g_gap_cu       0.5049  0.2373  0.0941  0.0206 -0.0142
pie_cu         0.9005  0.6796  0.4438  0.2373  0.0741
s_gap          0.5333  0.2474  0.0764 -0.0221 -0.0754
s_nat          0.8500  0.7225  0.6141  0.5220  0.4437
ii             0.8500  0.7225  0.6142  0.5220  0.4437
Total computing time : 0h00m19s
