Starting Dynare (version 5.0).
Calling Dynare with arguments: none
Starting preprocessing of the model file ...
Ramsey Problem: added 42 Multipliers.
Found 42 equation(s).
Found 87 FOC equation(s) for Ramsey Problem.
Evaluating expressions...done
Computing static model derivatives (order 1).
Computing dynamic model derivatives (order 2).
Computing dynamic model derivatives (order 2).
Computing static model derivatives (order 3).
Processing outputs ...
done
Preprocessing completed.


STEADY-STATE RESULTS:

y_gap         		 0
g_gap         		 0
c_gap         		 0
f_gap         		 0
y_gap_starr   		 0
g_gap_starr   		 0
c_gap_starr   		 0
f_gap_starr   		 0
s_gap         		 0
y_gap_cu      		 0
g_gap_cu      		 0
c_gap_cu      		 0
a             		 0
a_starr       		 0
y_nat         		 0
g_nat         		 0
c_nat         		 0
c_H_nat       		 0
c_F_nat       		 0
y_nat_starr   		 0
g_nat_starr   		 0
c_nat_starr   		 0
c_H_nat_starr 		 0
c_F_nat_starr 		 0
s_nat         		 0
y             		 0
pie           		 0
g             		 0
n             		 0
c             		 0
c_H           		 0
c_F           		 0
y_starr       		 0
pie_starr     		 0
g_starr       		 0
n_starr       		 0
c_starr       		 0
c_H_starr     		 0
c_F_starr     		 0
ii            		 0
s             		 0
pie_cu        		 0
y_cu          		 0
g_cu          		 0
c_cu          		 0

MODEL SUMMARY

  Number of variables:         87
  Number of stochastic shocks: 2
  Number of state variables:   7
  Number of jumpers:           9
  Number of static variables:  71


MATRIX OF COVARIANCE OF EXOGENOUS SHOCKS
Variables            eps_a  eps_a_starr
eps_a             0.000000     0.000000
eps_a_starr       0.000000     1.000000

POLICY AND TRANSITION FUNCTIONS
                               y_gap           y_nat           g_gap           g_nat           c_gap           c_nat             pie             c_F             c_H     y_gap_starr     y_nat_starr     g_gap_starr     g_nat_starr     c_gap_starr     c_nat_starr       pie_starr       c_F_starr       c_H_starr        y_gap_cu        g_gap_cu          pie_cu           s_gap           s_nat              ii           f_gap     f_gap_starr
a(-1)                      -0.111737        0.793131        0.189476        0.906869       -0.023984        0.281367       -0.012957       -1.556249        0.458897        0.111737       -0.279177       -0.189476        0.279177        0.023984        0.113982        0.012957       -0.063548        1.951598               0               0        0.210949       -0.179882        0.627692       -0.088953        0.301213       -0.301213
a_starr(-1)                 0.111737       -0.279177       -0.189476        0.279177        0.023984        0.113982        0.012957        1.951598       -0.063548       -0.111737        0.793131        0.189476        0.906869       -0.023984        0.281367       -0.012957        0.458897       -1.556249               0               0       -0.210949        0.179882       -0.627692       -0.088953       -0.301213        0.301213
s(-1)                              0               0               0               0               0               0               0               0               0               0               0               0               0               0               0               0               0               0               0               0       -0.500000               0               0               0               0               0
MULT_12(-1)                 0.155593               0       -0.386628               0        0.219658               0        0.052912        0.056173        0.237823        0.106270               0       -0.296078               0        0.208894               0        0.031635        0.190729        0.372379        0.130932       -0.341353        0.073096        0.040367               0       -0.848645       -0.542221       -0.402349
MULT_13(-1)                 0.044857               0        0.015829               0        0.028699               0        0.019330       -0.081328        0.040924       -0.002227               0       -0.015829               0        0.021455               0        0.003009        0.009229        0.131482        0.021315               0        0.032914        0.027167               0       -0.054382       -0.029029       -0.013602
MULT_14(-1)                 0.106270               0       -0.296078               0        0.208894               0        0.031635        0.372379        0.190729        0.155593               0       -0.386628               0        0.219658               0        0.052912        0.237823        0.056173        0.130932       -0.341353        0.011451       -0.040367               0       -0.848645       -0.402349       -0.542221
MULT_15(-1)                -0.002227               0       -0.015829               0        0.021455               0        0.003009        0.131482        0.009229        0.044857               0        0.015829               0        0.028699               0        0.019330        0.040924       -0.081328        0.021315               0       -0.010574       -0.027167               0       -0.054382       -0.013602       -0.029029
eps_a                       0.131455       -0.933095       -0.222913       -1.066905        0.028217       -0.331020        0.015243        1.830881       -0.539879       -0.131455        0.328444        0.222913       -0.328444       -0.028217       -0.134097       -0.015243        0.074763       -2.295997               0               0       -0.248175        0.211626       -0.738462        0.104651       -0.354368        0.354368
eps_a_starr                -0.131455        0.328444        0.222913       -0.328444       -0.028217       -0.134097       -0.015243       -2.295997        0.074763        0.131455       -0.933095       -0.222913       -1.066905        0.028217       -0.331020        0.015243       -0.539879        1.830881               0               0        0.248175       -0.211626        0.738462        0.104651        0.354368       -0.354368
[Warning: Aggregate variance and sum of variances by
shocks differ by more than 0.01 %] 
[> In <a href="matlab:matlab.internal.language.introspective.errorDocCallback('th_autocovariances', 'C:\dynare\5.0\matlab\th_autocovariances.m', 206)" style="font-weight:bold">th_autocovariances</a> (<a href="matlab: opentoline('C:\dynare\5.0\matlab\th_autocovariances.m',206,0)">line 206</a>)
In <a href="matlab:matlab.internal.language.introspective.errorDocCallback('disp_th_moments', 'C:\dynare\5.0\matlab\disp_th_moments.m', 40)" style="font-weight:bold">disp_th_moments</a> (<a href="matlab: opentoline('C:\dynare\5.0\matlab\disp_th_moments.m',40,0)">line 40</a>)
In <a href="matlab:matlab.internal.language.introspective.errorDocCallback('stoch_simul', 'C:\dynare\5.0\matlab\stoch_simul.m', 210)" style="font-weight:bold">stoch_simul</a> (<a href="matlab: opentoline('C:\dynare\5.0\matlab\stoch_simul.m',210,0)">line 210</a>)
In <a href="matlab:matlab.internal.language.introspective.errorDocCallback('Model_MAIN_2.driver', 'C:\Users\33689\Documents\GitHub\Master-Thesis\MAIN\+Model_MAIN_2\driver.m', 814)" style="font-weight:bold">Model_MAIN_2.driver</a> (<a href="matlab: opentoline('C:\Users\33689\Documents\GitHub\Master-Thesis\MAIN\+Model_MAIN_2\driver.m',814,0)">line 814</a>)
In <a href="matlab:matlab.internal.language.introspective.errorDocCallback('dynare', 'C:\dynare\5.0\matlab\dynare.m', 281)" style="font-weight:bold">dynare</a> (<a href="matlab: opentoline('C:\dynare\5.0\matlab\dynare.m',281,0)">line 281</a>)] 


THEORETICAL MOMENTS
VARIABLE            MEAN  STD. DEV.   VARIANCE
y_gap             0.0000     0.1527     0.0233
y_nat             0.0000     0.6235     0.3887
g_gap             0.0000     0.3323     0.1104
g_nat             0.0000     0.6235     0.3887
c_gap             0.0000     0.0342     0.0012
c_nat             0.0000     0.2546     0.0648
pie               0.0000     0.0651     0.0042
c_F               0.0000     5.3874    29.0245
c_H               0.0000     0.3102     0.0962
y_gap_starr       0.0000     0.1527     0.0233
y_nat_starr       0.0000     1.7713     3.1375
g_gap_starr       0.0000     0.3323     0.1104
g_nat_starr       0.0000     2.0253     4.1019
c_gap_starr       0.0000     0.0342     0.0012
c_nat_starr       0.0000     0.6284     0.3949
pie_starr         0.0000     0.0651     0.0042
c_F_starr         0.0000     1.1752     1.3812
c_H_starr         0.0000     4.5163    20.3970
y_gap_cu          0.0000     0.0000     0.0000
g_gap_cu          0.0000     0.0000     0.0000
pie_cu            0.0000     0.2482     0.0616
s_gap             0.0000     0.2568     0.0659
s_nat             0.0000     1.4018     1.9651
ii                0.0000     0.1987     0.0395
f_gap             0.0000     0.4782     0.2287
f_gap_starr       0.0000     0.4782     0.2287



VARIANCE DECOMPOSITION (in percent)
                     eps_a  eps_a_starr
y_gap                 0.00       100.00
y_nat                 0.00       100.00
g_gap                 0.00       100.00
g_nat                 0.00       100.00
c_gap                 0.00       100.00
c_nat                 0.00       100.00
pie                   0.00       100.00
c_F                   0.00       100.00
c_H                   0.00       100.00
y_gap_starr           0.00       100.00
y_nat_starr           0.00       100.00
g_gap_starr           0.00       100.00
g_nat_starr           0.00       100.00
c_gap_starr           0.00       100.00
c_nat_starr           0.00       100.00
pie_starr             0.00       100.00
c_F_starr             0.00       100.00
c_H_starr             0.00       100.00
y_gap_cu              0.00       100.00
g_gap_cu              0.00       100.00
pie_cu                0.00       100.00
s_gap                 0.00       100.00
s_nat                 0.00       100.00
ii                    0.00       100.00
f_gap                 0.00       100.00
f_gap_starr           0.00       100.00



MATRIX OF CORRELATIONS
Variables            y_gap        y_nat        g_gap        g_nat        c_gap        c_nat          pie          c_F          c_H  y_gap_starr  y_nat_starr  g_gap_starr  g_nat_starr  c_gap_starr  c_nat_starr    pie_starr    c_F_starr    c_H_starr       pie_cu        s_gap        s_nat           ii        f_gap  f_gap_starr
y_gap               1.0000      -0.6024      -0.9356       0.6024       0.9961       0.6024       0.3099       0.4773      -0.2497      -1.0000       0.6024       0.9356       0.6024      -0.9961       0.6024      -0.3099       0.5185      -0.4516      -0.8610       0.9961      -0.6024      -0.6024      -0.9694       0.9694
y_nat              -0.6024       1.0000       0.5687      -1.0000      -0.6013      -1.0000       0.5707      -0.9888       0.9226       0.6024      -1.0000      -0.5687      -1.0000       0.6013      -1.0000      -0.5707      -0.9948       0.9840       0.5268      -0.6013       1.0000       1.0000       0.5876      -0.5876
g_gap              -0.9356       0.5687       1.0000      -0.5687      -0.9630      -0.5687      -0.3053      -0.4464       0.2248       0.9356      -0.5687      -1.0000      -0.5687       0.9630      -0.5687       0.3053      -0.4866       0.4214       0.6707      -0.9630       0.5687       0.5687       0.9936      -0.9936
g_nat               0.6024      -1.0000      -0.5687       1.0000       0.6013       1.0000      -0.5707       0.9888      -0.9226      -0.6024       1.0000       0.5687       1.0000      -0.6013       1.0000       0.5707       0.9948      -0.9840      -0.5268       0.6013      -1.0000      -1.0000      -0.5876       0.5876
c_gap               0.9961      -0.6013      -0.9630       0.6013       1.0000       0.6013       0.3125       0.4754      -0.2465      -0.9961       0.6013       0.9630       0.6013      -1.0000       0.6013      -0.3125       0.5168      -0.4496      -0.8241       1.0000      -0.6013      -0.6013      -0.9873       0.9873
c_nat               0.6024      -1.0000      -0.5687       1.0000       0.6013       1.0000      -0.5707       0.9888      -0.9226      -0.6024       1.0000       0.5687       1.0000      -0.6013       1.0000       0.5707       0.9948      -0.9840      -0.5268       0.6013      -1.0000      -1.0000      -0.5876       0.5876
pie                 0.3099       0.5707      -0.3053      -0.5707       0.3125      -0.5707       1.0000      -0.6867       0.8431      -0.3099      -0.5707       0.3053      -0.5707      -0.3125      -0.5707      -1.0000      -0.6513       0.7076      -0.2340       0.3125       0.5707       0.5707      -0.3111       0.3111
c_F                 0.4773      -0.9888      -0.4464       0.9888       0.4754       0.9888      -0.6867       1.0000      -0.9698      -0.4773       0.9888       0.4464       0.9888      -0.4754       0.9888       0.6867       0.9989      -0.9996      -0.4262       0.4754      -0.9888      -0.9888      -0.4626       0.4626
c_H                -0.2497       0.9226       0.2248      -0.9226      -0.2465      -0.9226       0.8431      -0.9698       1.0000       0.2497      -0.9226      -0.2248      -0.9226       0.2465      -0.9226      -0.8431      -0.9571       0.9765       0.2410      -0.2465       0.9226       0.9226       0.2359      -0.2359
y_gap_starr        -1.0000       0.6024       0.9356      -0.6024      -0.9961      -0.6024      -0.3099      -0.4773       0.2497       1.0000      -0.6024      -0.9356      -0.6024       0.9961      -0.6024       0.3099      -0.5185       0.4516       0.8610      -0.9961       0.6024       0.6024       0.9694      -0.9694
y_nat_starr         0.6024      -1.0000      -0.5687       1.0000       0.6013       1.0000      -0.5707       0.9888      -0.9226      -0.6024       1.0000       0.5687       1.0000      -0.6013       1.0000       0.5707       0.9948      -0.9840      -0.5268       0.6013      -1.0000      -1.0000      -0.5876       0.5876
g_gap_starr         0.9356      -0.5687      -1.0000       0.5687       0.9630       0.5687       0.3053       0.4464      -0.2248      -0.9356       0.5687       1.0000       0.5687      -0.9630       0.5687      -0.3053       0.4866      -0.4214      -0.6707       0.9630      -0.5687      -0.5687      -0.9936       0.9936
g_nat_starr         0.6024      -1.0000      -0.5687       1.0000       0.6013       1.0000      -0.5707       0.9888      -0.9226      -0.6024       1.0000       0.5687       1.0000      -0.6013       1.0000       0.5707       0.9948      -0.9840      -0.5268       0.6013      -1.0000      -1.0000      -0.5876       0.5876
c_gap_starr        -0.9961       0.6013       0.9630      -0.6013      -1.0000      -0.6013      -0.3125      -0.4754       0.2465       0.9961      -0.6013      -0.9630      -0.6013       1.0000      -0.6013       0.3125      -0.5168       0.4496       0.8241      -1.0000       0.6013       0.6013       0.9873      -0.9873
c_nat_starr         0.6024      -1.0000      -0.5687       1.0000       0.6013       1.0000      -0.5707       0.9888      -0.9226      -0.6024       1.0000       0.5687       1.0000      -0.6013       1.0000       0.5707       0.9948      -0.9840      -0.5268       0.6013      -1.0000      -1.0000      -0.5876       0.5876
pie_starr          -0.3099      -0.5707       0.3053       0.5707      -0.3125       0.5707      -1.0000       0.6867      -0.8431       0.3099       0.5707      -0.3053       0.5707       0.3125       0.5707       1.0000       0.6513      -0.7076       0.2340      -0.3125      -0.5707      -0.5707       0.3111      -0.3111
c_F_starr           0.5185      -0.9948      -0.4866       0.9948       0.5168       0.9948      -0.6513       0.9989      -0.9571      -0.5185       0.9948       0.4866       0.9948      -0.5168       0.9948       0.6513       1.0000      -0.9970      -0.4594       0.5168      -0.9948      -0.9948      -0.5037       0.5037
c_H_starr          -0.4516       0.9840       0.4214      -0.9840      -0.4496      -0.9840       0.7076      -0.9996       0.9765       0.4516      -0.9840      -0.4214      -0.9840       0.4496      -0.9840      -0.7076      -0.9970       1.0000       0.4054      -0.4496       0.9840       0.9840       0.4370      -0.4370
pie_cu             -0.8610       0.5268       0.6707      -0.5268      -0.8241      -0.5268      -0.2340      -0.4262       0.2410       0.8610      -0.5268      -0.6707      -0.5268       0.8241      -0.5268       0.2340      -0.4594       0.4054       1.0000      -0.8241       0.5268       0.5268       0.7410      -0.7410
s_gap               0.9961      -0.6013      -0.9630       0.6013       1.0000       0.6013       0.3125       0.4754      -0.2465      -0.9961       0.6013       0.9630       0.6013      -1.0000       0.6013      -0.3125       0.5168      -0.4496      -0.8241       1.0000      -0.6013      -0.6013      -0.9873       0.9873
s_nat              -0.6024       1.0000       0.5687      -1.0000      -0.6013      -1.0000       0.5707      -0.9888       0.9226       0.6024      -1.0000      -0.5687      -1.0000       0.6013      -1.0000      -0.5707      -0.9948       0.9840       0.5268      -0.6013       1.0000       1.0000       0.5876      -0.5876
ii                 -0.6024       1.0000       0.5687      -1.0000      -0.6013      -1.0000       0.5707      -0.9888       0.9226       0.6024      -1.0000      -0.5687      -1.0000       0.6013      -1.0000      -0.5707      -0.9948       0.9840       0.5268      -0.6013       1.0000       1.0000       0.5876      -0.5876
f_gap              -0.9694       0.5876       0.9936      -0.5876      -0.9873      -0.5876      -0.3111      -0.4626       0.2359       0.9694      -0.5876      -0.9936      -0.5876       0.9873      -0.5876       0.3111      -0.5037       0.4370       0.7410      -0.9873       0.5876       0.5876       1.0000      -1.0000
f_gap_starr         0.9694      -0.5876      -0.9936       0.5876       0.9873       0.5876       0.3111       0.4626      -0.2359      -0.9694       0.5876       0.9936       0.5876      -0.9873       0.5876      -0.3111       0.5037      -0.4370      -0.7410       0.9873      -0.5876      -0.5876      -1.0000       1.0000



COEFFICIENTS OF AUTOCORRELATION
Order               1       2       3       4       5
y_gap          0.4865  0.1997  0.0426 -0.0402 -0.0806
y_nat          0.8500  0.7225  0.6141  0.5220  0.4437
g_gap          0.7151  0.4532  0.2429  0.0874 -0.0202
g_nat          0.8500  0.7225  0.6141  0.5220  0.4437
c_gap          0.5427  0.2608  0.0894 -0.0123 -0.0700
c_nat          0.8500  0.7225  0.6141  0.5220  0.4437
pie            0.8994  0.7988  0.7028  0.6140  0.5335
c_F            0.9039  0.8040  0.7072  0.6171  0.5355
c_H            0.9625  0.8928  0.8090  0.7215  0.6364
y_gap_starr    0.4865  0.1997  0.0426 -0.0402 -0.0806
y_nat_starr    0.8500  0.7225  0.6141  0.5220  0.4437
g_gap_starr    0.7151  0.4532  0.2429  0.0874 -0.0202
g_nat_starr    0.8500  0.7225  0.6141  0.5220  0.4437
c_gap_starr    0.5427  0.2608  0.0894 -0.0123 -0.0700
c_nat_starr    0.8500  0.7225  0.6141  0.5220  0.4437
pie_starr      0.8994  0.7988  0.7028  0.6140  0.5335
c_F_starr      0.8879  0.7798  0.6796  0.5889  0.5082
c_H_starr      0.9130  0.8178  0.7229  0.6333  0.5511
pie_cu         0.0000  0.0000  0.0000  0.0000  0.0000
s_gap          0.5427  0.2608  0.0894 -0.0123 -0.0700
s_nat          0.8500  0.7225  0.6141  0.5220  0.4437
ii             0.8500  0.7225  0.6141  0.5220  0.4437
f_gap          0.6459  0.3751  0.1794  0.0447 -0.0434
f_gap_starr    0.6459  0.3751  0.1794  0.0447 -0.0434

Approximated value of unconditional welfare:  0.00000000

Approximated value of conditional welfare:
    - with initial Lagrange multipliers set to 0: 0.00000000
    - with initial Lagrange multipliers set to steady state: 0.00000000

Total computing time : 0h00m04s
Note: warning(s) encountered in MATLAB/Octave code
