Starting Dynare (version 5.0).
Calling Dynare with arguments: none
Starting preprocessing of the model file ...
Ramsey Problem: added 38 Multipliers.
Found 38 equation(s).
Found 77 FOC equation(s) for Ramsey Problem.
Evaluating expressions...done
Computing static model derivatives (order 1).
Computing dynamic model derivatives (order 2).
Computing dynamic model derivatives (order 2).
Computing static model derivatives (order 3).
Processing outputs ...
done
Preprocessing completed.


STEADY-STATE RESULTS:

y_gap       		 0
g_gap       		 0
c_gap       		 0
y_gap_starr 		 0
g_gap_starr 		 0
c_gap_starr 		 0
s_gap       		 0
y_gap_cu    		 0
g_gap_cu    		 0
a           		 0
xi          		 0
a_starr     		 0
xi_starr    		 0
y_nat       		 0
g_nat       		 0
c_nat       		 0
y_nat_starr 		 0
g_nat_starr 		 0
c_nat_starr 		 0
s_nat       		 0
y           		 0
pie         		 0
g           		 0
n           		 0
c           		 0
c_F         		 0
c_H         		 0
y_starr     		 0
pie_starr   		 0
g_starr     		 0
n_starr     		 0
c_starr     		 0
c_F_starr   		 0
c_H_starr   		 0
ii          		 0
s           		 0
pie_cu      		 0
y_cu        		 0
g_cu        		 0

OPTIMAL SIMPLE RULE


OSR: Initial value of the objective function: 0.00167637 

  n=8: (5,10)-CMA-ES(w=[46 27 16 9 3]%, mu_eff=3.2) on function osr_obj
Iterat, #Fevals:   Function Value    (median,worst) |Axis Ratio|idx:Min SD idx:Max SD
    1 ,     11 : 1.6761946110614e-03 +(2e-07,2e-07) | 1.13e+00 |  7:1.1e-02  1:1.2e-02
    2 ,     21 : 1.6761436110145e-03 +(1e-07,2e-07) | 1.16e+00 |  3:1.1e-02  1:1.2e-02
   10 ,    101 : 1.6747870486144e-03 +(3e-07,1e-06) | 1.56e+00 |  3:4.7e-02  2:5.7e-02
   20 ,    201 : 1.6648952771952e-03 +(4e-06,1e-05) | 2.56e+00 |  8:2.4e-01  2:3.8e-01
   30 ,    301 : 1.6248445097620e-03 +(8e-06,1e-05) | 2.82e+00 |  1:1.7e+00  2:2.7e+00
   40 ,    401 : 1.6109561011926e-03 +(9e-06,2e-05) | 2.57e+00 |  1:2.2e+00  2:3.6e+00
   50 ,    501 : 1.5718298981806e-03 +(2e-05,4e-05) | 2.42e+00 |  1:3.9e+00  7:6.0e+00
   53 ,    531 : 1.5221784639133e-03 +(5e-05,1e-04) | 2.79e+00 |  1:5.6e+00  7:1.0e+01
#Fevals:   f(returned x)   |    bestever.f     | stopflag (saved to variablescmaes.mat)
    532: 1.52217846391e-03 | 1.52217846391e-03 | tolupx
mean solution: +1.0e+01 +9.9e+00 +9.8e+00 -3.3e+01 +2.9e+01 +2.7e+00 +4.6e+01 -1.5e+01
std deviation:  5.6e+00  7.8e+00  6.2e+00  8.3e+00  7.5e+00  6.5e+00  1.0e+01  6.8e+00
use plotcmaesdat.m for plotting the output at any time (option LogModulo must not be zero)

OPTIMAL VALUE OF THE PARAMETERS:

     COEF_y_gapH          10.7654

     COEF_y_gapF          9.21574

       COEF_pieH          9.94542

       COEF_pieF          -39.855

COEF_y_gapH_starr          26.8666

COEF_y_gapF_starr          4.17195

 COEF_pieH_starr          49.3342

 COEF_pieF_starr         -16.1167

Objective function :       0.00152218



MODEL SUMMARY

  Number of variables:         77
  Number of stochastic shocks: 4
  Number of state variables:   12
  Number of jumpers:           13
  Number of static variables:  54


MATRIX OF COVARIANCE OF EXOGENOUS SHOCKS
Variables              eps_a        eps_xi   eps_a_starr  eps_xi_starr
eps_a               0.000000      0.000000      0.000000      0.000000
eps_xi              0.000000      0.000000      0.000000      0.000000
eps_a_starr         0.000000      0.000000      1.000000      0.000000
eps_xi_starr        0.000000      0.000000      0.000000      0.000000

POLICY AND TRANSITION FUNCTIONS
                               y_gap           y_nat           g_gap           g_nat           c_gap           c_nat             pie             c_F             c_H     y_gap_starr     y_nat_starr     g_gap_starr     g_nat_starr     c_gap_starr     c_nat_starr       pie_starr       c_F_starr       c_H_starr        y_gap_cu        g_gap_cu          pie_cu           s_gap           s_nat              ii
y_gap(-1)                   0.125378               0       10.765411               0       -0.294254               0       -0.002067       -0.337723       -0.279765        0.404619               0       26.866587               0       -0.323233               0       -0.005678       -0.337723       -0.279765        0.264999       18.815999       -0.003873        0.057958               0        0.212304
y_gap_starr(-1)             0.108384               0        9.215736               0       -0.125331               0       -0.008945       -0.102312       -0.133004        0.064990               0        4.171948               0       -0.109985               0        0.003788       -0.102312       -0.133004        0.086687        6.693842       -0.002578       -0.030692               0        0.083401
a(-1)                      -0.049145        1.152035       -0.647965        0.647965        0.004754        0.548983        0.005807        0.273771        0.647059        0.042350       -0.252035       -0.252035        0.252035        0.016076        0.351017       -0.006358        0.273771        0.647059       -0.003397       -0.450000       -0.000275       -0.022642        0.395931       -0.044372
xi(-1)                      0.024572       -0.576017        0.323983       -0.323983       -0.002377       -0.274491       -0.002903       -0.136885       -0.323530       -0.021175        0.126017        0.126017       -0.126017       -0.008038       -0.175509        0.003179       -0.136885       -0.323530        0.001699        0.225000        0.000138        0.011321       -0.197965        0.022186
a_starr(-1)                 0.053783       -0.252035       -0.252035        0.252035        0.015382        0.351017       -0.000639        0.640375        0.275074       -0.065797        1.152035       -0.647965        0.647965        0.000067        0.548983        0.005641        0.640375        0.275074       -0.006007       -0.450000        0.002501        0.030630       -0.395931       -0.045156
xi_starr(-1)               -0.026891        0.126017        0.126017       -0.126017       -0.007691       -0.175509        0.000319       -0.320188       -0.137537        0.032898       -0.576017        0.323983       -0.323983       -0.000034       -0.274491       -0.002820       -0.320188       -0.137537        0.003004        0.225000       -0.001251       -0.015315        0.197965        0.022578
MULT_8(-1)                  0.567237               0               0               0        0.445770               0        0.097152        0.379045        0.468012        0.254408               0               0               0        0.401287               0        0.044043        0.379045        0.468012        0.410822               0        0.070598        0.088967               0       -0.633622
MULT_9(-1)                  0.120382               0               0               0        0.049747               0        0.038260        0.014055        0.061644       -0.046954               0               0               0        0.025952               0        0.007296        0.014055        0.061644        0.036714               0        0.022778        0.047589               0       -0.035722
MULT_10(-1)                 0.209495               0               0               0        0.433464               0        0.023034        0.537859        0.398665        0.698934               0               0               0        0.503060               0        0.137795        0.537859        0.398665        0.454214               0        0.080415       -0.139193               0       -0.526268
MULT_11(-1)                -0.034992               0               0               0        0.048805               0        0.007296        0.089547        0.035224        0.156020               0               0               0        0.075966               0        0.051696        0.089547        0.035224        0.060514               0        0.029496       -0.054322               0        0.010818
pie(-1)                     0.114455               0        9.945422               0       -0.436637               0        0.007433       -0.555217       -0.397110        0.740177               0       49.334220               0       -0.515690               0       -0.016507       -0.555217       -0.397110        0.427316       29.639821       -0.004537        0.158106               0        0.324179
pie_starr(-1)              -0.468832               0      -39.854964               0        0.529069               0        0.039417        0.423359        0.564305       -0.252282               0      -16.116651               0        0.458596               0       -0.017268        0.423359        0.564305       -0.360557      -27.985807        0.011075        0.140945               0       -0.350621
eps_a                      -0.054605        1.280038       -0.719962        0.719962        0.005283        0.609981        0.006452        0.304190        0.718955        0.047055       -0.280038       -0.280038        0.280038        0.017862        0.390019       -0.007064        0.304190        0.718955       -0.003775       -0.500000       -0.000306       -0.025158        0.439923       -0.049302
eps_xi                      0.027303       -0.640019        0.359981       -0.359981       -0.002641       -0.304990       -0.003226       -0.152095       -0.359477       -0.023528        0.140019        0.140019       -0.140019       -0.008931       -0.195010        0.003532       -0.152095       -0.359477        0.001887        0.250000        0.000153        0.012579       -0.219962        0.024651
eps_a_starr                 0.059759       -0.280038       -0.280038        0.280038        0.017091        0.390019       -0.000710        0.711528        0.305638       -0.073108        1.280038       -0.719962        0.719962        0.000075        0.609981        0.006268        0.711528        0.305638       -0.006675       -0.500000        0.002779        0.034033       -0.439923       -0.050173
eps_xi_starr               -0.029879        0.140019        0.140019       -0.140019       -0.008546       -0.195010        0.000355       -0.355764       -0.152819        0.036554       -0.640019        0.359981       -0.359981       -0.000037       -0.304990       -0.003134       -0.355764       -0.152819        0.003337        0.250000       -0.001389       -0.017017        0.219962        0.025087


THEORETICAL MOMENTS
VARIABLE            MEAN  STD. DEV.   VARIANCE
y_gap             0.0000     0.1096     0.0120
y_nat             0.0000     0.6425     0.4127
g_gap             0.0000     3.8263    14.6402
g_nat             0.0000     0.6425     0.4127
c_gap             0.0000     0.0751     0.0056
c_nat             0.0000     0.8948     0.8006
pie               0.0000     0.0385     0.0015
c_F               0.0000     1.7205     2.9602
c_H               0.0000     0.7099     0.5040
y_gap_starr       0.0000     0.0919     0.0085
y_nat_starr       0.0000     2.9366     8.6237
g_gap_starr       0.0000     6.3082    39.7938
g_nat_starr       0.0000     1.6517     2.7281
c_gap_starr       0.0000     0.0879     0.0077
c_nat_starr       0.0000     1.3994     1.9583
pie_starr         0.0000     0.0395     0.0016
c_F_starr         0.0000     1.7205     2.9602
c_H_starr         0.0000     0.7099     0.5040
y_gap_cu          0.0000     0.0732     0.0054
g_gap_cu          0.0000     5.0315    25.3157
pie_cu            0.0000     0.0055     0.0000
s_gap             0.0000     0.0489     0.0024
s_nat             0.0000     1.0093     1.0186
ii                0.0000     0.1084     0.0117



VARIANCE DECOMPOSITION (in percent)
                      eps_a        eps_xi   eps_a_starr  eps_xi_starr
y_gap                  0.00          0.00        100.00          0.00
y_nat                  0.00          0.00        100.00          0.00
g_gap                  0.00          0.00        100.00          0.00
g_nat                  0.00          0.00        100.00          0.00
c_gap                  0.00          0.00        100.00          0.00
c_nat                  0.00          0.00        100.00          0.00
pie                    0.00          0.00        100.00          0.00
c_F                    0.00          0.00        100.00          0.00
c_H                    0.00          0.00        100.00          0.00
y_gap_starr            0.00          0.00        100.00          0.00
y_nat_starr            0.00          0.00        100.00          0.00
g_gap_starr            0.00          0.00        100.00          0.00
g_nat_starr            0.00          0.00        100.00          0.00
c_gap_starr            0.00          0.00        100.00          0.00
c_nat_starr            0.00          0.00        100.00          0.00
pie_starr              0.00          0.00        100.00          0.00
c_F_starr              0.00          0.00        100.00          0.00
c_H_starr              0.00          0.00        100.00          0.00
y_gap_cu               0.00          0.00        100.00          0.00
g_gap_cu               0.00          0.00        100.00          0.00
pie_cu                 0.00          0.00        100.00          0.00
s_gap                  0.00          0.00        100.00          0.00
s_nat                  0.00          0.00        100.00          0.00
ii                     0.00          0.00        100.00          0.00



MATRIX OF CORRELATIONS
Variables            y_gap        y_nat        g_gap        g_nat        c_gap        c_nat          pie          c_F          c_H  y_gap_starr  y_nat_starr  g_gap_starr  g_nat_starr  c_gap_starr  c_nat_starr    pie_starr    c_F_starr    c_H_starr     y_gap_cu     g_gap_cu       pie_cu        s_gap        s_nat           ii
y_gap               1.0000       0.2958       0.7455      -0.2958      -0.6410      -0.2958       0.7415      -0.3323      -0.3191       0.0472      -0.2958       0.7634      -0.2958      -0.8133      -0.2958      -0.5498      -0.3323      -0.3191       0.7787       0.7620       0.6264       0.9549       0.2958       0.3586
y_nat               0.2958       1.0000       0.8452      -1.0000      -0.8943      -1.0000       0.8601      -0.9992      -0.9995       0.8294      -1.0000       0.7513      -1.0000      -0.7664      -1.0000      -0.9521      -0.9992      -0.9995       0.7425       0.7924      -0.4038       0.0078       1.0000       0.9866
g_gap               0.7455       0.8452       1.0000      -0.8452      -0.9858      -0.8452       0.9922      -0.8656      -0.8602       0.6585      -0.8452       0.9701      -0.8452      -0.9880      -0.8452      -0.9363      -0.8656      -0.8602       0.9721       0.9883       0.1170       0.5234       0.8452       0.8886
g_nat              -0.2958      -1.0000      -0.8452       1.0000       0.8943       1.0000      -0.8601       0.9992       0.9995      -0.8294       1.0000      -0.7513       1.0000       0.7664       1.0000       0.9521       0.9992       0.9995      -0.7425      -0.7924       0.4038      -0.0078      -1.0000      -0.9866
c_gap              -0.6410      -0.8943      -0.9858       0.8943       1.0000       0.8943      -0.9710       0.9108       0.9082      -0.7657       0.8943      -0.9662       0.8943       0.9671       0.8943       0.9431       0.9108       0.9082      -0.9611      -0.9805      -0.0181      -0.4047      -0.8943      -0.9406
c_nat              -0.2958      -1.0000      -0.8452       1.0000       0.8943       1.0000      -0.8601       0.9992       0.9995      -0.8294       1.0000      -0.7513       1.0000       0.7664       1.0000       0.9521       0.9992       0.9995      -0.7425      -0.7924       0.4038      -0.0078      -1.0000      -0.9866
pie                 0.7415       0.8601       0.9922      -0.8601      -0.9710      -0.8601       1.0000      -0.8790      -0.8722       0.6116      -0.8601       0.9372      -0.8601      -0.9730      -0.8601      -0.9607      -0.8790      -0.8722       0.9396       0.9648       0.0567       0.5149       0.8601       0.8851
c_F                -0.3323      -0.9992      -0.8656       0.9992       0.9108       0.9992      -0.8790       1.0000       0.9998      -0.8254       0.9992      -0.7757       0.9992       0.7913       0.9992       0.9614       1.0000       0.9998      -0.7674      -0.8154       0.3706      -0.0465      -0.9992      -0.9899
c_H                -0.3191      -0.9995      -0.8602       0.9995       0.9082       0.9995      -0.8722       0.9998       1.0000      -0.8350       0.9995      -0.7722       0.9995       0.7852       0.9995       0.9564       0.9998       1.0000      -0.7634      -0.8112       0.3767      -0.0327      -0.9995      -0.9910
y_gap_starr         0.0472       0.8294       0.6585      -0.8294      -0.7657      -0.8294       0.6116      -0.8254      -0.8350       1.0000      -0.8294       0.6787      -0.8294      -0.5995      -0.8294      -0.6753      -0.8254      -0.8350       0.6635       0.6759      -0.2806      -0.1972       0.8294       0.8799
y_nat_starr        -0.2958      -1.0000      -0.8452       1.0000       0.8943       1.0000      -0.8601       0.9992       0.9995      -0.8294       1.0000      -0.7513       1.0000       0.7664       1.0000       0.9521       0.9992       0.9995      -0.7425      -0.7924       0.4038      -0.0078      -1.0000      -0.9866
g_gap_starr         0.7634       0.7513       0.9701      -0.7513      -0.9662      -0.7513       0.9372      -0.7757      -0.7722       0.6787      -0.7513       1.0000      -0.7513      -0.9862      -0.7513      -0.8413      -0.7757      -0.7722       0.9981       0.9957       0.2652       0.5769       0.7513       0.8305
g_nat_starr        -0.2958      -1.0000      -0.8452       1.0000       0.8943       1.0000      -0.8601       0.9992       0.9995      -0.8294       1.0000      -0.7513       1.0000       0.7664       1.0000       0.9521       0.9992       0.9995      -0.7425      -0.7924       0.4038      -0.0078      -1.0000      -0.9866
c_gap_starr        -0.8133      -0.7664      -0.9880       0.7664       0.9671       0.7664      -0.9730       0.7913       0.7852      -0.5995       0.7664      -0.9862       0.7664       1.0000       0.7664       0.8867       0.7913       0.7852      -0.9858      -0.9939      -0.2278      -0.6239      -0.7664      -0.8258
c_nat_starr        -0.2958      -1.0000      -0.8452       1.0000       0.8943       1.0000      -0.8601       0.9992       0.9995      -0.8294       1.0000      -0.7513       1.0000       0.7664       1.0000       0.9521       0.9992       0.9995      -0.7425      -0.7924       0.4038      -0.0078      -1.0000      -0.9866
pie_starr          -0.5498      -0.9521      -0.9363       0.9521       0.9431       0.9521      -0.9607       0.9614       0.9564      -0.6753       0.9521      -0.8413       0.9521       0.8867       0.9521       1.0000       0.9614       0.9564      -0.8360      -0.8834       0.2227      -0.2905      -0.9521      -0.9438
c_F_starr          -0.3323      -0.9992      -0.8656       0.9992       0.9108       0.9992      -0.8790       1.0000       0.9998      -0.8254       0.9992      -0.7757       0.9992       0.7913       0.9992       0.9614       1.0000       0.9998      -0.7674      -0.8154       0.3706      -0.0465      -0.9992      -0.9899
c_H_starr          -0.3191      -0.9995      -0.8602       0.9995       0.9082       0.9995      -0.8722       0.9998       1.0000      -0.8350       0.9995      -0.7722       0.9995       0.7852       0.9995       0.9564       0.9998       1.0000      -0.7634      -0.8112       0.3767      -0.0327      -0.9995      -0.9910
y_gap_cu            0.7787       0.7425       0.9721      -0.7425      -0.9611      -0.7425       0.9396      -0.7674      -0.7634       0.6635      -0.7425       0.9981      -0.7425      -0.9858      -0.7425      -0.8360      -0.7674      -0.7634       1.0000       0.9953       0.2930       0.5914       0.7425       0.8212
g_gap_cu            0.7620       0.7924       0.9883      -0.7924      -0.9805      -0.7924       0.9648      -0.8154      -0.8112       0.6759      -0.7924       0.9957      -0.7924      -0.9939      -0.7924      -0.8834      -0.8154      -0.8112       0.9953       1.0000       0.2108       0.5607       0.7924       0.8585
pie_cu              0.6264      -0.4038       0.1170       0.4038      -0.0181       0.4038       0.0567       0.3706       0.3767      -0.2806       0.4038       0.2652       0.4038      -0.2278       0.4038       0.2227       0.3706       0.3767       0.2930       0.2108       1.0000       0.7633      -0.4038      -0.2861
s_gap               0.9549       0.0078       0.5234      -0.0078      -0.4047      -0.0078       0.5149      -0.0465      -0.0327      -0.1972      -0.0078       0.5769      -0.0078      -0.6239      -0.0078      -0.2905      -0.0465      -0.0327       0.5914       0.5607       0.7633       1.0000       0.0078       0.0791
s_nat               0.2958       1.0000       0.8452      -1.0000      -0.8943      -1.0000       0.8601      -0.9992      -0.9995       0.8294      -1.0000       0.7513      -1.0000      -0.7664      -1.0000      -0.9521      -0.9992      -0.9995       0.7425       0.7924      -0.4038       0.0078       1.0000       0.9866
ii                  0.3586       0.9866       0.8886      -0.9866      -0.9406      -0.9866       0.8851      -0.9899      -0.9910       0.8799      -0.9866       0.8305      -0.9866      -0.8258      -0.9866      -0.9438      -0.9899      -0.9910       0.8212       0.8585      -0.2861       0.0791       0.9866       1.0000



COEFFICIENTS OF AUTOCORRELATION
Order               1       2       3       4       5
y_gap          0.7369  0.6140  0.4972  0.4155  0.3519
y_nat          0.9000  0.8100  0.7290  0.6561  0.5905
g_gap          0.9879  0.9559  0.9083  0.8495  0.7859
g_nat          0.9000  0.8100  0.7290  0.6561  0.5905
c_gap          0.9543  0.9391  0.8951  0.8387  0.7751
c_nat          0.9000  0.8100  0.7290  0.6561  0.5905
pie            0.9772  0.9339  0.8787  0.8181  0.7558
c_F            0.9104  0.8296  0.7531  0.6820  0.6164
c_H            0.9023  0.8227  0.7473  0.6772  0.6122
y_gap_starr    0.4073  0.4705  0.4418  0.4435  0.4311
y_nat_starr    0.9000  0.8100  0.7290  0.6561  0.5905
g_gap_starr    0.9422  0.9211  0.8714  0.8158  0.7553
g_nat_starr    0.9000  0.8100  0.7290  0.6561  0.5905
c_gap_starr    0.9776  0.9300  0.8684  0.8014  0.7339
c_nat_starr    0.9000  0.8100  0.7290  0.6561  0.5905
pie_starr      0.9675  0.8958  0.8152  0.7337  0.6570
c_F_starr      0.9104  0.8296  0.7531  0.6820  0.6164
c_H_starr      0.9023  0.8227  0.7473  0.6772  0.6122
y_gap_cu       0.9637  0.9381  0.8920  0.8380  0.7791
g_gap_cu       0.9707  0.9446  0.8967  0.8397  0.7778
pie_cu         0.8403  0.6359  0.4441  0.2776  0.1447
s_gap          0.6319  0.3990  0.2586  0.1701  0.1141
s_nat          0.9000  0.8100  0.7290  0.6561  0.5905
ii             0.8730  0.8343  0.7805  0.7259  0.6686
Total computing time : 0h00m09s
